5.074000
4.992000
4.905000
4.882000
4.695000
5.418000
5.490000
5.135000
5.427000
5.352000
5.374000
4.748000
4.751000
4.941000
5.337000
5.018000
5.241000
5.102000
5.084000
4.976000
4.728000
5.034000
4.683000
4.361000
5.175000
5.397000
4.357000
4.582000
5.301000
4.592000
4.986000
5.300000
4.913000
5.103000
5.521000
4.933000
4.617000
5.446000
4.767000
4.905000
5.755000
5.016000
5.607000
5.289000
5.043000
4.780000
5.293000
5.201000
4.863000
5.491000
5.244000
5.193000
5.376000
5.106000
5.765000
4.773000
4.945000
4.770000
5.459000
4.604000
5.473000
4.779000
5.143000
4.844000
5.109000
4.722000
4.583000
4.762000
5.015000
4.306000
4.898000
5.460000
5.083000
5.045000
4.980000
5.070000
5.237000
5.077000
5.229000
5.483000
5.339000
5.125000
4.810000
5.358000
4.968000
5.098000
5.760000
4.840000
5.258000
5.153000
5.194000
4.650000
4.998000
5.294000
4.862000
5.280000
5.119000
5.167000
4.698000
5.018000
4.767000
5.467000
5.259000
5.133000
4.497000
4.274000
4.860000
4.407000
4.796000
5.291000
5.144000
5.158000
4.956000
4.770000
5.004000
5.289000
4.773000
5.189000
4.991000
4.964000
5.316000
4.843000
5.079000
4.639000
5.154000
4.846000
4.730000
5.307000
5.251000
4.747000
5.033000
5.253000
4.650000
4.932000
5.445000
4.851000
4.962000
4.812000
5.196000
5.201000
4.607000
5.390000
4.727000
5.321000
4.736000
4.807000
5.012000
5.255000
4.860000
4.927000
4.665000
5.437000
5.093000
4.977000
5.126000
5.065000
4.421000
5.601000
5.177000
5.182000
4.497000
4.855000
5.733000
5.345000
5.044000
5.208000
4.542000
4.589000
5.088000
4.850000
4.837000
5.027000
4.897000
4.436000
5.088000
4.514000
4.825000
4.840000
5.047000
4.822000
5.123000
5.163000
5.025000
4.289000
5.116000
5.041000
4.987000
4.510000
5.089000
5.072000
5.366000
4.920000
4.879000
5.128000
5.138000
4.928000
5.128000
5.194000
4.768000
5.263000
5.114000
4.712000
5.553000
5.245000
5.317000
5.083000
5.180000
5.200000
5.485000
4.640000
5.539000
5.113000
4.956000
4.658000
4.772000
5.242000
5.424000
4.942000
4.715000
4.632000
5.101000
5.712000
5.232000
5.865000
4.648000
4.923000
4.842000
4.782000
4.599000
5.390000
5.208000
5.588000
5.409000
4.844000
5.341000
4.486000
5.117000
5.178000
4.516000
5.249000
4.611000
4.741000
4.237000
5.140000
5.103000
5.191000
5.132000
5.188000
5.261000
5.284000
5.186000
4.793000
4.684000
5.219000
4.543000
4.744000
5.297000
4.836000
5.317000
4.377000
4.930000
5.014000
5.063000
5.115000
4.656000
5.031000
5.346000
4.788000
5.096000
5.213000
4.844000
5.334000
4.817000
5.027000
4.477000
4.654000
5.042000
5.099000
5.286000
5.462000
4.850000
5.020000
5.424000
5.203000
5.344000
4.697000
4.838000
5.614000
5.327000
5.319000
5.015000
5.501000
5.082000
4.819000
4.972000
4.577000
4.805000
4.997000
5.135000
4.767000
5.399000
6.000000
5.414000
5.482000
5.188000
4.923000
4.636000
4.407000
5.235000
5.252000
5.828000
4.880000
4.497000
4.873000
5.165000
5.074000
4.601000
4.720000
4.914000
5.070000
5.192000
4.662000
5.295000
4.754000
5.232000
5.206000
4.771000
4.678000
5.132000
4.980000
5.000000
4.649000
5.180000
4.807000
5.579000
4.989000
5.041000
4.800000
4.899000
5.085000
4.895000
4.881000
4.680000
4.972000
5.050000
4.822000
5.324000
4.271000
5.130000
5.086000
4.206000
4.929000
5.139000
4.660000
4.523000
5.289000
5.362000
4.815000
4.876000
5.907000
4.972000
5.252000
5.015000
4.756000
5.527000
4.441000
4.845000
5.522000
4.841000
4.261000
4.979000
5.069000
4.782000
4.656000
5.144000
4.917000
5.168000
5.069000
5.123000
4.966000
5.770000
5.258000
5.013000
4.747000
5.002000
4.954000
4.928000
5.066000
4.648000
5.271000
4.689000
4.809000
5.152000
4.793000
4.779000
5.098000
4.615000
5.395000
5.263000
5.000000
5.077000
4.853000
5.019000
5.143000
4.775000
5.417000
4.795000
4.476000
5.465000
4.885000
4.857000
5.058000
5.244000
5.184000
5.176000
5.310000
4.929000
5.422000
5.154000
5.036000
4.741000
5.077000
5.018000
5.536000
4.652000
4.427000
5.151000
5.437000
5.304000
4.373000
5.143000
5.028000
5.176000
4.831000
5.365000
4.396000
5.323000
5.393000
5.034000
5.166000
4.382000
4.951000
5.538000
4.928000
4.616000
4.892000
5.061000
4.135000
4.782000
5.328000
5.406000
5.617000
5.395000
5.473000
5.134000
4.990000
4.803000
4.707000
4.643000
5.292000
5.361000
4.608000
5.688000
5.191000
5.431000
5.694000
5.056000
5.100000
5.218000
4.511000
5.307000
5.005000
4.647000
4.666000
4.900000
4.742000
5.338000
5.258000
4.540000
4.762000
5.225000
4.362000
4.476000
5.293000
5.031000
5.048000
4.840000
4.625000
5.121000
4.078000
5.101000
4.775000
4.749000
5.310000
5.096000
5.742000
5.336000
5.192000
4.503000
5.301000
5.035000
4.254000
5.342000
5.206000
5.215000
4.746000
4.121000
4.871000
5.132000
5.195000
5.041000
4.894000
4.809000
4.903000
4.851000
5.704000
5.124000
4.596000
5.399000
4.916000
5.246000
5.165000
5.220000
4.772000
4.928000
5.028000
4.955000
5.177000
4.811000
5.063000
5.726000
4.806000
5.545000
5.344000
4.671000
5.211000
5.232000
5.160000
5.184000
5.409000
4.518000
5.111000
4.858000
5.234000
4.587000
4.683000
4.890000
4.453000
5.335000
5.019000
4.944000
5.198000
5.229000
4.689000
5.146000
5.229000
4.934000
4.999000
4.808000
4.977000
5.249000
4.643000
5.034000
4.784000
5.077000
5.287000
5.549000
4.404000
5.131000
5.211000
4.682000
5.309000
5.491000
4.953000
4.448000
5.109000
5.263000
5.380000
4.933000
5.207000
4.746000
5.315000
4.897000
5.711000
4.956000
4.856000
4.523000
5.582000
5.308000
5.203000
4.854000
4.934000
5.458000
5.715000
5.581000
4.817000
5.018000
5.241000
5.389000
4.792000
4.626000
5.132000
5.144000
5.303000
4.896000
5.057000
4.786000
4.874000
4.711000
5.321000
5.301000
4.882000
4.645000
5.018000
5.181000
5.260000
5.172000
4.896000
4.996000
4.416000
4.885000
5.080000
4.961000
4.480000
4.859000
5.033000
5.253000
5.118000
5.995000
4.882000
4.949000
5.390000
5.771000
4.554000
4.800000
4.771000
5.203000
5.406000
5.172000
4.786000
5.193000
4.813000
5.190000
5.107000
5.072000
5.242000
4.766000
5.464000
5.109000
5.528000
5.589000
5.141000
5.649000
4.884000
4.698000
5.643000
4.635000
5.108000
4.904000
5.047000
5.044000
5.454000
5.510000
4.555000
4.722000
5.289000
5.131000
5.454000
4.799000
5.054000
4.556000
5.277000
4.512000
5.048000
4.771000
5.140000
5.049000
4.926000
5.164000
5.310000
4.935000
5.691000
5.024000
5.376000
4.000000
4.929000
4.889000
4.428000
5.348000
5.160000
5.561000
5.029000
4.905000
5.064000
5.562000
5.179000
4.549000
5.117000
4.493000
4.465000
4.698000
4.924000
4.887000
4.987000
5.138000
4.812000
4.727000
4.129000
4.877000
4.723000
4.710000
5.207000
5.112000
4.779000
5.729000
5.068000
4.388000
4.768000
4.887000
5.401000
5.441000
5.073000
5.395000
4.576000
5.032000
5.108000
4.705000
4.865000
5.226000
4.984000
5.445000
4.679000
4.988000
5.212000
5.005000
5.415000
4.873000
4.547000
5.022000
5.035000
4.926000
5.221000
4.727000
5.594000
5.492000
4.962000
5.075000
4.707000
5.150000
4.727000
4.800000
5.049000
5.395000
5.107000
5.447000
4.850000
4.618000
5.004000
4.622000
4.671000
4.879000
4.959000
5.205000
5.094000
5.268000
5.052000
5.213000
4.713000
5.587000
4.923000
4.770000
4.893000
5.113000
4.684000
4.840000
4.474000
4.815000
4.679000
4.708000
4.682000
5.400000
5.267000
4.806000
5.618000
4.937000
4.272000
5.538000
5.299000
4.899000
5.603000
4.862000
5.170000
5.338000
5.473000
4.498000
5.064000
4.634000
5.435000
4.956000
4.625000
5.175000
4.861000
4.826000
4.865000
4.985000
4.539000
5.249000
4.688000
5.221000
4.880000
5.128000
5.129000
4.882000
4.486000
5.390000
4.513000
4.354000
5.248000
5.373000
5.011000
5.046000
5.088000
4.420000
4.907000
5.156000
5.273000
5.381000
5.163000
5.115000
5.274000
5.027000
5.354000
4.791000
5.021000
5.058000
5.752000
5.154000
4.733000
5.558000
4.671000
5.238000
4.632000
4.532000
5.591000
4.910000
5.585000
4.667000
5.099000
5.260000
5.432000
4.624000
4.129000
4.711000
5.230000
5.819000
5.113000
5.047000
5.403000
5.254000
4.992000
5.206000
5.049000
5.672000
5.087000
5.112000
4.715000
5.382000
4.919000
4.985000
5.127000
4.347000
4.843000
5.279000
5.046000
5.038000
5.012000
5.425000
4.836000
5.350000
4.967000
5.388000
5.133000
5.025000
4.577000
5.203000
5.295000
4.833000
5.483000
4.861000
4.422000
5.092000
4.805000
5.110000
4.727000
5.266000
5.511000
4.540000
4.807000
4.947000
5.436000
5.857000
4.960000
5.225000
4.679000
4.988000
4.743000
5.624000
5.034000
5.002000
5.238000
5.121000
4.570000
5.427000
5.276000
5.244000
5.199000
4.786000
5.115000
5.551000
5.058000
5.180000
5.437000
6.000000
4.603000
5.504000
5.268000
5.629000
4.661000
5.180000
4.951000
4.843000
5.192000
5.393000
5.019000
4.803000
4.937000
4.864000
4.808000
4.910000
4.662000
5.235000
4.771000
4.988000
4.697000
4.547000
5.270000
4.320000
5.009000
4.523000
5.050000
5.191000
4.589000
5.236000
4.788000
5.021000
5.528000
5.435000
5.309000
4.925000
4.916000
5.368000
5.760000
4.366000
4.688000
5.123000
5.006000
4.740000
4.845000
4.552000
4.852000
4.953000
4.273000
4.682000
5.197000
4.380000
4.620000
4.578000
5.671000
4.976000
5.358000
5.203000
4.484000
4.799000
5.057000
5.435000
4.871000
5.199000
5.178000
4.836000
4.925000
5.687000
4.836000
4.998000
5.092000
5.736000
4.952000
4.640000
4.646000
4.884000
5.239000
4.931000
5.103000
5.029000
5.211000
4.929000
5.714000
4.696000
4.733000
5.202000
5.424000
4.897000
4.749000
5.012000
5.060000
4.999000
4.862000
4.768000
5.166000
5.280000
4.769000
4.979000
5.911000
4.724000
4.824000
4.642000
5.421000
5.095000
5.356000
5.387000
4.703000
5.056000
5.193000
5.306000
4.536000
5.623000
5.074000
4.876000
5.193000
4.968000
4.819000
5.147000
4.626000
5.126000
5.563000
4.731000
5.742000
4.733000
5.226000
4.551000
4.636000
5.118000
4.983000
5.431000
5.428000
5.205000
4.746000
4.884000
4.451000
5.216000
5.395000
5.313000
4.967000
5.089000
4.843000
5.216000
5.158000
4.637000
5.317000
4.954000
4.461000
5.086000
4.820000
5.600000
5.313000
4.725000
4.818000
4.643000
4.897000
5.130000
4.451000
5.460000
4.724000
4.000000
5.103000
4.646000
4.833000
4.587000
5.306000
5.088000
5.236000
5.239000
4.775000
4.795000
4.643000
4.754000
4.764000
5.204000
5.617000
5.120000
4.747000
4.979000
4.653000
4.424000
4.937000
5.310000
5.318000
5.202000
4.875000
5.251000
4.802000
4.873000
5.070000
5.229000
5.313000
5.173000
5.132000
5.720000
4.837000
4.765000
5.284000
4.632000
5.386000
4.683000
5.078000
4.914000
4.963000
4.996000
5.035000
5.000000
5.225000
4.996000
4.884000
5.473000
4.945000
4.590000
4.455000
4.910000
4.747000
4.705000
4.439000
4.608000
5.335000
5.497000
5.007000
4.848000
5.546000
4.675000
5.322000
4.644000
4.756000
5.040000
5.309000
4.600000
4.351000
4.878000
4.949000
5.102000
4.551000
5.149000
5.045000
5.142000
4.834000
4.584000
4.720000
5.319000
4.805000
4.690000
4.399000
4.692000
4.550000
5.064000
4.739000
4.227000
5.249000
4.577000
5.119000
5.819000
5.267000
5.331000
5.054000
4.581000
5.280000
4.667000
4.787000
4.876000
4.768000
5.307000
4.907000
4.587000
4.512000
5.104000
4.721000
5.082000
5.215000
4.841000
4.453000
4.946000
5.172000
5.272000
4.829000
5.031000
5.217000
5.215000
4.607000
5.043000
4.331000
5.207000
4.865000
4.492000
5.441000
5.368000
5.079000
4.974000
5.165000
4.943000
4.959000
4.957000
4.803000
5.229000
5.647000
5.202000
4.985000
4.798000
4.586000
4.559000
4.945000
4.729000
5.214000
4.856000
4.915000
4.812000
5.090000
4.635000
4.979000
4.839000
5.670000
4.768000
4.886000
4.877000
5.267000
4.663000
5.127000
4.730000
5.321000
4.595000
5.526000
5.436000
4.674000
5.340000
5.069000
4.808000
5.233000
4.805000
4.945000
4.511000
4.411000
5.430000
4.214000
4.908000
4.582000
4.919000
4.673000
5.025000
4.920000
5.379000
5.147000
5.253000
4.547000
5.094000
5.261000
4.708000
4.609000
4.987000
4.804000
4.902000
5.329000
4.891000
5.090000
5.089000
4.992000
5.104000
5.453000
5.139000
5.165000
5.164000
5.320000
4.512000
5.011000
4.867000
4.801000
5.399000
5.326000
4.913000
4.551000
4.521000
4.720000
4.801000
5.149000
5.265000
5.377000
5.053000
4.770000
4.638000
5.045000
5.052000
4.328000
4.965000
4.901000
4.633000
4.491000
5.193000
5.033000
5.051000
4.790000
5.321000
4.990000
4.861000
4.938000
5.305000
4.778000
4.995000
5.022000
5.118000
4.771000
5.295000
5.337000
5.389000
5.347000
4.973000
4.894000
5.248000
5.200000
4.990000
4.619000
4.508000
4.696000
4.988000
5.634000
4.598000
5.142000
4.970000
5.331000
5.005000
5.971000
4.842000
5.585000
4.812000
4.736000
4.620000
5.608000
5.191000
5.197000
5.367000
4.498000
4.538000
5.377000
5.141000
4.508000
5.074000
4.887000
4.816000
4.664000
4.363000
5.209000
4.914000
4.660000
5.042000
5.319000
5.439000
4.755000
5.256000
4.984000
4.622000
5.015000
5.011000
4.988000
4.555000
5.231000
5.197000
4.534000
4.976000
4.336000
4.000000
4.915000
5.435000
5.528000
5.545000
5.664000
5.051000
4.782000
4.042000
4.697000
4.282000
4.935000
5.152000
4.918000
4.617000
4.697000
5.057000
5.396000
5.411000
4.769000
4.780000
4.908000
5.297000
4.923000
4.974000
5.361000
5.333000
4.742000
4.746000
4.676000
5.013000
4.709000
4.368000
4.591000
5.524000
4.680000
4.575000
5.301000
5.196000
4.842000
4.721000
6.000000
4.409000
5.261000
5.397000
4.555000
5.042000
4.978000
5.102000
4.647000
5.431000
5.385000
5.457000
5.738000
4.899000
5.021000
5.316000
4.843000
4.731000
4.936000
4.910000
5.697000
4.668000
5.169000
4.812000
5.513000
5.002000
5.049000
4.750000
5.448000
5.319000
5.240000
4.823000
5.474000
5.732000
5.061000
5.013000
5.358000
5.003000
5.752000
4.769000
5.322000
5.250000
4.615000
4.445000
4.964000
4.883000
4.893000
5.917000
4.612000
4.236000
4.615000
5.344000
4.879000
4.667000
4.949000
4.871000
5.047000
4.855000
4.980000
4.399000
4.929000
4.850000
5.346000
5.265000
4.914000
5.122000
4.753000
4.863000
5.450000
5.021000
4.903000
4.583000
4.662000
5.160000
5.584000
5.306000
5.062000
5.325000
4.887000
4.937000
4.769000
4.569000
4.887000
5.462000
5.401000
5.124000
4.829000
5.041000
5.013000
5.641000
5.421000
5.470000
5.132000
4.964000
4.892000
4.939000
4.496000
5.206000
4.097000
4.658000
4.358000
5.399000
4.849000
5.497000
5.692000
5.059000
4.318000
4.643000
4.894000
4.375000
4.818000
4.718000
4.681000
4.934000
5.269000
5.540000
5.048000
5.188000
5.012000
5.427000
4.767000
4.877000
4.908000
5.234000
5.930000
4.780000
4.884000
4.528000
4.501000
4.717000
5.424000
4.631000
4.679000
5.881000
4.427000
4.569000
4.820000
5.572000
4.735000
5.309000
4.859000
4.813000
4.659000
4.544000
4.621000
5.186000
4.902000
5.061000
5.278000
5.303000
5.200000
5.500000
5.110000
5.397000
4.993000
5.263000
5.360000
4.223000
4.794000
5.092000
5.091000
4.820000
5.366000
5.032000
4.519000
4.919000
4.896000
5.505000
4.540000
4.562000
5.308000
5.046000
5.113000
5.045000
4.967000
5.053000
4.766000
4.978000
4.694000
5.363000
5.742000
4.727000
4.587000
4.493000
4.873000
5.328000
5.132000
5.179000
5.421000
5.272000
4.653000
5.099000
5.806000
5.374000
4.927000
4.914000
4.310000
5.002000
5.283000
4.406000
5.072000
5.169000
5.110000
4.810000
5.189000
4.861000
5.062000
4.599000
4.876000
5.063000
5.444000
4.755000
5.462000
4.916000
5.453000
4.598000
4.522000
4.753000
4.650000
4.885000
4.732000
5.288000
5.045000
5.098000
4.447000
4.664000
4.673000
5.263000
5.106000
4.697000
5.108000
5.197000
5.502000
5.287000
5.192000
4.569000
5.263000
5.073000
5.104000
4.739000
4.926000
5.147000
4.996000
5.424000
5.409000
5.227000
5.078000
5.241000
4.917000
5.260000
4.854000
5.106000
5.000000
4.820000
4.731000
4.913000
4.792000
4.672000
5.054000
4.920000
4.899000
4.564000
4.984000
5.204000
5.402000
5.036000
5.579000
4.919000
5.020000
5.108000
4.793000
4.690000
4.943000
5.691000
5.038000
5.121000
4.945000
5.085000
4.996000
4.671000
5.044000
5.418000
4.995000
5.281000
5.382000
4.610000
5.210000
5.059000
4.467000
4.636000
5.502000
4.721000
4.415000
4.874000
4.649000
4.592000
5.222000
5.083000
4.799000
5.222000
4.821000
4.779000
4.550000
5.150000
5.452000
5.002000
5.416000
5.061000
4.776000
4.619000
5.262000
5.287000
5.329000
4.580000
5.103000
4.591000
4.681000
5.478000
4.774000
4.668000
4.471000
5.264000
5.806000
4.800000
5.303000
4.552000
4.830000
4.762000
4.504000
5.867000
4.722000
4.375000
5.407000
4.639000
4.448000
5.098000
4.807000
4.782000
5.119000
4.903000
4.891000
4.801000
4.449000
5.216000
4.643000
4.722000
4.762000
6.000000
5.058000
4.889000
5.209000
4.818000
4.856000
5.545000
5.478000
4.642000
5.169000
5.341000
4.693000
4.517000
4.608000
4.496000
5.118000
5.193000
5.059000
4.930000
5.010000
4.667000
5.295000
5.054000
4.785000
5.384000
5.034000
4.902000
5.266000
4.655000
5.174000
4.949000
4.781000
4.908000
4.766000
5.081000
5.431000
5.587000
5.461000
5.867000
5.149000
5.003000
5.085000
5.579000
5.137000
4.546000
5.483000
4.855000
5.274000
4.904000
5.163000
5.087000
4.789000
5.228000
5.012000
5.291000
5.616000
5.029000
4.958000
4.798000
5.081000
4.775000
4.627000
4.555000
5.004000
4.966000
4.726000
5.073000
4.331000
5.023000
4.393000
4.979000
4.555000
4.685000
5.382000
5.227000
4.996000
4.733000
5.242000
5.181000
5.414000
5.642000
5.039000
5.554000
4.007000
4.961000
5.093000
4.545000
4.767000
5.283000
4.898000
4.866000
5.030000
5.540000
4.702000
5.017000
5.134000
4.713000
5.255000
5.010000
5.809000
4.745000
4.809000
4.766000
4.743000
4.806000
4.774000
5.101000
5.028000
5.131000
5.059000
5.089000
4.767000
4.895000
5.247000
5.008000
4.736000
4.620000
4.958000
5.440000
5.476000
4.795000
4.382000
5.243000
5.210000
5.021000
5.414000
5.048000
5.351000
4.880000
4.647000
4.924000
4.712000
5.287000
5.683000
4.984000
5.224000
5.977000
5.088000
4.865000
5.516000
5.255000
5.340000
4.880000
5.214000
5.083000
4.932000
4.450000
4.558000
5.053000
4.637000
4.606000
4.750000
4.714000
4.640000
4.957000
5.609000
5.068000
5.534000
5.190000
4.608000
4.364000
5.294000
5.952000
4.343000
4.833000
5.141000
5.458000
4.843000
4.892000
4.473000
4.886000
4.393000
4.943000
6.000000
4.974000
4.791000
5.130000
5.078000
5.403000
5.389000
5.260000
4.618000
4.962000
4.754000
5.077000
4.901000
4.889000
4.946000
5.673000
5.423000
5.661000
5.320000
4.937000
4.467000
4.546000
5.355000
5.200000
4.786000
4.765000
4.656000
5.017000
4.733000
5.012000
4.888000
5.516000
4.220000
4.796000
4.459000
4.408000
5.011000
5.080000
5.110000
5.529000
4.672000
5.263000
4.956000
5.285000
5.015000
5.602000
5.090000
4.923000
4.901000
5.121000
4.728000
5.312000
4.966000
5.060000
5.215000
5.147000
5.263000
5.101000
4.847000
5.209000
5.134000
5.077000
5.082000
5.200000
5.317000
4.834000
4.888000
4.638000
5.382000
4.873000
5.063000
4.759000
4.529000
4.389000
5.255000
4.383000
4.462000
5.444000
4.422000
5.263000
4.359000
5.046000
4.886000
5.328000
4.538000
4.807000
5.357000
5.162000
5.647000
4.938000
5.224000
4.799000
5.164000
4.536000
5.375000
5.290000
4.884000
5.270000
4.907000
5.201000
5.420000
4.965000
4.620000
5.214000
5.364000
5.069000
5.012000
5.298000
4.475000
4.587000
4.455000
4.948000
5.839000
4.819000
4.785000
5.492000
4.755000
5.662000
5.340000
5.238000
5.220000
4.900000
4.995000
5.145000
4.946000
5.028000
4.976000
5.465000
5.342000
4.667000
5.222000
5.622000
4.731000
5.073000
5.260000
5.169000
5.051000
4.962000
4.977000
4.067000
4.823000
4.454000
4.623000
5.450000
4.833000
5.182000
5.118000
4.910000
4.789000
5.228000
4.680000
4.968000
5.420000
5.020000
5.163000
5.350000
4.983000
4.503000
4.632000
5.086000
4.723000
5.213000
4.945000
5.367000
5.014000
5.198000
4.720000
5.143000
4.759000
5.254000
4.985000
5.168000
5.248000
4.657000
5.113000
4.778000
4.836000
5.192000
4.846000
4.416000
5.122000
4.979000
4.874000
4.527000
5.466000
5.406000
5.604000
5.027000
5.389000
5.439000
4.559000
5.003000
5.010000
4.783000
5.660000
4.810000
5.011000
5.363000
5.630000
4.652000
5.248000
4.481000
5.200000
4.784000
5.095000
5.413000
4.228000
5.361000
5.006000
4.601000
4.852000
4.870000
4.591000
4.779000
4.901000
4.314000
4.719000
5.454000
4.771000
4.980000
4.368000
4.641000
5.048000
5.190000
4.465000
6.000000
4.985000
4.986000
4.978000
5.439000
5.404000
4.879000
4.977000
4.525000
4.776000
4.773000
5.183000
4.743000
4.912000
4.667000
5.308000
5.183000
5.313000
4.436000
4.781000
5.075000
5.492000
4.901000
4.866000
4.603000
4.629000
4.915000
5.214000
4.574000
5.266000
4.954000
5.366000
4.785000
4.688000
5.027000
4.957000
4.863000
5.152000
4.751000
5.016000
5.516000
4.591000
4.631000
5.225000
5.506000
4.975000
5.013000
5.035000
4.950000
4.867000
4.935000
5.628000
5.570000
5.231000
5.452000
5.042000
5.288000
5.003000
5.191000
5.167000
4.859000
4.892000
5.555000
5.548000
5.370000
4.903000
4.715000
5.183000
5.142000
4.290000
4.848000
5.080000
5.127000
4.755000
4.880000
5.179000
5.102000
5.215000
4.394000
4.816000
5.116000
4.848000
4.903000
5.251000
4.623000
5.128000
4.811000
5.010000
4.697000
4.794000
5.082000
4.467000
4.643000
5.236000
4.433000
4.794000
4.954000
4.808000
4.905000
4.991000
5.129000
5.487000
5.183000
5.120000
4.647000
5.013000
4.795000
5.076000
5.395000
4.620000
5.300000
4.774000
4.716000
5.011000
4.102000
5.044000
4.838000
5.069000
5.471000
5.431000
5.514000
5.281000
5.230000
4.940000
4.714000
4.917000
4.615000
4.678000
5.273000
5.304000
4.866000
5.036000
5.274000
4.715000
4.534000
5.532000
5.451000
4.372000
4.651000
4.459000
4.968000
4.785000
4.840000
4.276000
4.947000
4.706000
4.439000
5.108000
5.249000
5.015000
4.757000
5.368000
4.567000
4.949000
5.135000
5.207000
4.920000
5.020000
5.473000
4.991000
4.847000
4.488000
4.855000
4.816000
4.829000
5.195000
5.295000
5.302000
5.227000
4.446000
5.534000
5.039000
5.253000
4.791000
5.051000
5.154000
4.280000
5.346000
5.069000
4.863000
4.551000
4.532000
4.617000
5.207000
4.748000
5.299000
5.289000
5.179000
4.675000
5.041000
4.593000
5.316000
5.499000
4.033000
4.763000
4.527000
5.371000
5.305000
5.213000
5.233000
5.434000
4.942000
5.225000
4.827000
4.962000
5.597000
5.168000
4.838000
5.096000
5.740000
5.009000
5.060000
5.280000
5.123000
5.096000
4.726000
5.254000
4.753000
4.954000
5.004000
4.382000
5.005000
5.007000
4.643000
5.237000
4.681000
5.316000
5.115000
4.724000
5.235000
4.479000
4.741000
5.106000
4.627000
5.349000
4.424000
5.103000
4.964000
5.040000
4.857000
5.475000
4.864000
5.467000
4.776000
5.011000
5.713000
4.989000
4.335000
5.260000
5.257000
4.866000
4.875000
4.746000
4.820000
4.550000
4.769000
4.742000
5.159000
5.183000
5.292000
5.126000
4.926000
4.812000
4.975000
4.721000
4.659000
5.895000
5.009000
4.904000
4.826000
5.085000
4.843000
4.920000
5.131000
5.432000
4.806000
4.301000
4.820000
4.717000
4.355000
5.075000
5.357000
4.848000
4.767000
4.426000
4.900000
5.526000
5.352000
4.900000
5.081000
4.886000
4.742000
4.395000
5.406000
5.160000
5.457000
4.856000
4.668000
4.603000
5.138000
5.657000
5.332000
5.246000
4.947000
5.219000
4.822000
5.023000
4.877000
5.111000
4.981000
4.819000
5.048000
4.867000
5.238000
5.331000
5.091000
5.100000
5.340000
4.658000
4.874000
4.576000
5.445000
4.359000
5.027000
5.109000
5.536000
5.105000
4.956000
5.344000
4.879000
4.449000
5.169000
4.749000
5.203000
4.555000
5.462000
4.615000
4.951000
5.735000
4.851000
4.601000
4.684000
5.199000
5.242000
5.188000
4.881000
5.040000
5.200000
4.521000
4.999000
5.021000
5.129000
5.102000
4.303000
4.791000
5.500000
5.692000
4.931000
4.771000
4.885000
5.112000
4.497000
5.631000
5.029000
4.686000
5.344000
5.123000
4.926000
5.285000
5.220000
4.119000
4.771000
5.216000
5.124000
5.235000
5.070000
5.121000
5.060000
5.721000
4.725000
4.673000
5.394000
5.448000
5.636000
5.043000
5.367000
4.484000
5.004000
5.432000
5.216000
4.999000
5.203000
4.387000
4.525000
4.871000
4.852000
4.868000
5.875000
4.992000
5.268000
4.992000
4.316000
4.968000
5.144000
5.083000
4.418000
5.022000
4.815000
4.228000
4.886000
5.230000
4.791000
4.627000
4.883000
5.362000
5.072000
4.953000
5.176000
4.999000
5.253000
4.780000
4.855000
4.869000
5.255000
5.407000
4.934000
4.825000
4.772000
4.802000
4.995000
5.227000
5.099000
5.626000
4.637000
4.869000
4.592000
4.865000
5.263000
5.067000
4.933000
5.733000
5.441000
4.948000
4.601000
5.177000
4.967000
5.372000
4.783000
4.589000
5.197000
4.994000
5.118000
5.365000
5.281000
4.944000
4.931000
5.127000
4.820000
4.959000
4.958000
5.204000
4.949000
4.837000
5.097000
4.999000
5.267000
5.094000
5.830000
5.139000
5.169000
5.335000
5.399000
4.981000
5.106000
5.037000
4.826000
5.078000
5.230000
4.641000
4.912000
4.922000
4.559000
5.354000
4.388000
4.661000
5.158000
5.153000
4.866000
5.651000
5.312000
5.670000
5.109000
5.690000
4.425000
5.101000
4.642000
5.605000
4.930000
4.793000
4.738000
4.795000
4.932000
5.296000
4.963000
5.196000
5.014000
4.814000
4.879000
4.489000
5.165000
5.001000
5.564000
5.183000
5.162000
4.438000
5.157000
4.716000
5.498000
4.868000
4.876000
5.208000
4.814000
4.841000
5.120000
5.458000
5.337000
4.628000
5.038000
5.007000
5.127000
5.647000
4.903000
4.936000
5.089000
4.713000
4.792000
5.294000
4.736000
5.797000
5.495000
5.135000
5.062000
4.660000
5.326000
5.274000
4.644000
4.862000
4.373000
5.378000
5.137000
5.718000
5.225000
5.070000
5.826000
5.207000
4.990000
4.111000
4.733000
5.557000
5.256000
4.946000
4.851000
5.071000
5.156000
5.013000
5.093000
5.483000
4.561000
4.994000
4.788000
4.596000
5.385000
4.499000
4.656000
5.363000
4.480000
4.766000
5.044000
5.202000
5.341000
5.151000
5.103000
5.368000
5.035000
4.907000
4.831000
4.954000
5.694000
4.732000
4.959000
4.616000
5.040000
5.065000
5.154000
4.899000
4.895000
4.976000
4.666000
5.701000
5.744000
4.730000
6.000000
4.823000
5.088000
5.488000
4.680000
4.847000
4.875000
5.048000
4.876000
4.876000
5.377000
4.946000
4.925000
4.981000
5.547000
5.141000
5.010000
5.195000
5.094000
5.011000
4.846000
5.386000
4.869000
4.777000
4.640000
5.594000
4.950000
5.140000
5.010000
4.685000
5.655000
5.214000
4.697000
5.124000
5.068000
4.763000
4.737000
4.625000
4.641000
5.099000
4.663000
5.493000
5.602000
5.667000
5.256000
5.042000
5.064000
4.767000
5.410000
5.137000
4.362000
4.793000
4.523000
5.275000
4.483000
4.600000
4.642000
5.263000
5.057000
4.664000
4.000000
4.589000
5.290000
4.910000
4.381000
4.524000
4.917000
4.958000
5.439000
5.456000
4.732000
4.813000
4.577000
5.230000
4.805000
4.756000
5.127000
4.477000
5.010000
5.161000
4.829000
4.844000
5.167000
5.283000
4.538000
5.018000
5.290000
5.252000
4.933000
5.107000
5.316000
4.573000
4.000000
5.155000
4.802000
4.252000
5.237000
5.242000
5.129000
4.569000
5.190000
4.793000
4.576000
4.872000
4.959000
4.830000
4.619000
5.249000
5.453000
5.548000
5.041000
4.704000
5.135000
5.037000
5.321000
4.610000
5.173000
5.217000
5.138000
5.077000
5.216000
4.566000
5.137000
5.127000
5.189000
4.898000
5.197000
5.213000
5.368000
4.740000
5.214000
4.337000
5.166000
5.153000
5.431000
4.905000
4.838000
4.413000
5.356000
4.914000
4.656000
5.158000
4.933000
5.534000
5.143000
4.411000
5.649000
4.706000
4.628000
4.762000
5.321000
4.864000
5.233000
5.235000
4.446000
4.437000
5.564000
4.765000
5.412000
5.064000
4.954000
5.148000
4.981000
4.943000
4.430000
5.206000
5.127000
4.506000
5.157000
5.084000
5.709000
4.835000
5.280000
5.250000
5.144000
5.414000
5.678000
4.578000
4.989000
4.787000
4.760000
4.714000
5.105000
4.725000
5.040000
4.755000
5.377000
4.941000
5.534000
5.809000
4.541000
5.245000
4.963000
4.961000
4.650000
4.812000
4.664000
4.764000
5.642000
4.578000
4.929000
4.871000
4.993000
4.960000
5.010000
5.085000
5.293000
4.000000
4.677000
4.479000
4.921000
4.773000
4.807000
5.100000
4.693000
4.900000
4.548000
5.179000
4.841000
4.517000
5.311000
4.138000
4.346000
4.595000
4.811000
4.416000
5.277000
5.122000
5.022000
4.610000
5.055000
4.892000
5.741000
4.440000
4.679000
4.651000
4.862000
4.867000
4.711000
5.093000
5.223000
5.410000
5.119000
4.623000
4.011000
5.017000
5.281000
4.827000
5.029000
5.104000
5.118000
4.876000
4.924000
5.589000
4.469000
4.838000
4.937000
5.087000
5.579000
5.089000
5.025000
5.386000
4.987000
5.016000
5.448000
5.029000
5.405000
4.966000
5.075000
5.570000
4.940000
4.913000
4.858000
4.817000
5.039000
4.889000
5.392000
5.385000
5.228000
5.152000
4.617000
4.437000
5.239000
5.435000
4.996000
5.354000
5.248000
4.703000
5.523000
4.944000
5.784000
4.952000
5.265000
5.065000
4.983000
5.297000
4.776000
4.824000
5.303000
5.544000
4.977000
4.962000
5.050000
4.822000
5.432000
4.923000
4.444000
4.956000
5.154000
4.460000
5.223000
4.941000
5.750000
4.520000
5.311000
5.229000
4.872000
4.710000
4.841000
5.083000
4.826000
5.125000
5.214000
4.949000
4.732000
5.197000
4.483000
5.098000
5.291000
5.212000
4.616000
4.000000
4.762000
5.163000
5.138000
5.328000
5.003000
4.656000
5.281000
5.196000
5.213000
5.820000
5.298000
5.231000
4.831000
5.621000
4.710000
4.868000
4.334000
4.749000
4.622000
5.532000
5.216000
5.106000
5.203000
4.885000
5.182000
4.480000
5.059000
5.179000
5.121000
4.949000
5.260000
5.562000
4.923000
4.763000
4.864000
5.058000
4.970000
4.924000
4.606000
5.320000
4.975000
4.411000
4.520000
5.356000
5.366000
4.349000
5.016000
5.248000
4.847000
4.956000
5.261000
5.421000
4.735000
5.308000
5.236000
5.251000
4.522000
5.125000
5.161000
4.992000
5.015000
4.829000
4.543000
4.742000
5.425000
5.243000
4.758000
4.877000
4.989000
5.012000
4.880000
5.764000
4.870000
4.706000
4.529000
4.285000
4.327000
5.019000
5.342000
4.856000
5.061000
5.052000
4.935000
4.795000
4.652000
5.288000
5.480000
5.108000
4.843000
5.281000
5.752000
5.406000
5.645000
5.210000
4.749000
4.756000
4.799000
4.242000
5.063000
4.842000
5.121000
4.526000
5.515000
4.513000
5.499000
5.577000
4.733000
4.939000
4.860000
4.750000
4.781000
4.305000
4.889000
4.849000
5.255000
4.957000
5.156000
4.785000
5.164000
4.673000
5.582000
5.065000
4.476000
5.035000
5.532000
5.162000
4.933000
4.703000
5.054000
4.804000
5.480000
4.882000
4.598000
5.120000
5.080000
5.572000
4.415000
4.752000
5.425000
5.119000
4.240000
4.407000
5.333000
5.154000
4.246000
5.153000
5.226000
5.144000
4.930000
5.044000
5.134000
5.143000
4.768000
5.063000
5.068000
5.206000
4.826000
4.331000
5.196000
4.925000
5.429000
5.119000
4.826000
4.927000
5.354000
4.976000
4.495000
4.408000
5.013000
5.118000
5.409000
5.152000
4.871000
5.153000
4.712000
5.489000
4.999000
5.089000
4.439000
5.514000
4.802000
5.690000
5.400000
5.068000
4.913000
4.982000
4.599000
5.646000
5.023000
4.900000
4.547000
5.665000
5.164000
5.619000
4.373000
4.796000
4.740000
5.080000
5.261000
5.442000
4.828000
4.842000
4.747000
5.140000
4.949000
5.191000
4.283000
4.896000
4.428000
5.101000
6.000000
4.657000
5.724000
4.587000
5.212000
4.946000
5.018000
5.054000
5.776000
4.804000
4.993000
4.974000
4.824000
4.794000
4.865000
4.759000
5.260000
5.032000
4.807000
4.387000
4.891000
4.923000
5.127000
5.174000
4.356000
4.992000
4.255000
4.998000
4.702000
4.750000
5.226000
4.857000
5.137000
4.240000
5.281000
5.234000
4.569000
5.415000
5.036000
5.067000
4.304000
5.144000
4.293000
4.800000
5.053000
5.179000
5.384000
4.543000
5.143000
5.098000
4.518000
5.584000
4.506000
5.152000
4.896000
4.813000
4.800000
4.714000
5.046000
4.921000
5.735000
4.865000
4.467000
5.019000
4.796000
4.808000
4.974000
5.329000
4.888000
5.228000
4.927000
4.918000
5.003000
5.506000
5.520000
5.356000
5.267000
5.118000
4.719000
5.107000
5.038000
5.915000
5.646000
5.199000
4.736000
4.594000
5.131000
4.616000
5.087000
5.100000
4.819000
5.227000
4.706000
4.630000
5.025000
4.561000
5.252000
5.097000
5.026000
4.699000
4.453000
4.625000
4.799000
4.865000
4.982000
5.100000
4.820000
4.444000
4.524000
4.538000
4.738000
5.300000
4.945000
5.010000
5.291000
5.142000
5.127000
4.902000
5.422000
4.582000
5.198000
4.921000
4.789000
4.770000
5.185000
4.702000
4.378000
5.082000
5.084000
4.866000
5.168000
5.097000
4.921000
5.123000
4.901000
4.596000
5.037000
4.898000
5.280000
4.859000
4.909000
5.434000
5.136000
5.513000
5.066000
5.388000
4.765000
5.411000
4.790000
5.438000
5.700000
5.107000
5.252000
5.251000
6.000000
4.859000
4.825000
5.328000
5.055000
4.550000
5.007000
5.207000
5.591000
5.026000
4.843000
5.130000
4.979000
5.060000
5.229000
4.546000
4.972000
4.528000
4.531000
4.960000
4.734000
4.882000
5.122000
4.920000
5.252000
4.940000
4.910000
5.045000
5.432000
4.936000
5.111000
4.841000
4.432000
5.262000
5.125000
4.847000
5.266000
5.117000
5.192000
5.199000
4.892000
5.341000
4.567000
4.680000
5.069000
5.340000
4.567000
4.849000
5.126000
4.723000
5.102000
5.164000
5.234000
5.207000
4.962000
4.814000
5.447000
5.487000
5.343000
4.836000
4.563000
5.223000
5.656000
5.042000
5.563000
5.075000
4.917000
5.624000
4.182000
5.048000
5.290000
4.999000
4.779000
4.369000
4.537000
5.035000
4.229000
4.941000
4.790000
4.736000
4.780000
5.246000
4.875000
5.207000
5.256000
4.762000
5.236000
5.024000
5.096000
5.044000
5.100000
5.151000
5.096000
4.527000
4.675000
5.471000
5.535000
4.561000
5.334000
4.944000
5.330000
4.691000
4.520000
4.472000
4.766000
4.320000
5.245000
4.864000
4.817000
4.607000
5.066000
5.543000
4.599000
4.866000
4.845000
5.167000
4.802000
5.149000
5.209000
5.306000
4.661000
5.388000
4.869000
5.036000
4.827000
5.358000
4.497000
5.231000
5.247000
5.366000
5.369000
5.290000
4.641000
5.173000
5.246000
4.393000
5.385000
5.376000
5.471000
4.782000
5.319000
4.632000
5.070000
4.832000
4.462000
4.937000
4.491000
4.805000
4.799000
5.071000
5.159000
4.804000
4.917000
5.215000
4.860000
5.269000
5.322000
5.044000
5.343000
4.516000
5.232000
5.243000
5.341000
5.437000
5.027000
5.049000
4.709000
4.477000
4.893000
5.122000
4.418000
4.835000
5.179000
5.279000
4.627000
5.147000
5.405000
5.152000
5.202000
5.405000
5.672000
4.913000
4.974000
5.078000
5.034000
4.000000
5.100000
4.989000
4.166000
4.794000
5.137000
5.004000
4.771000
5.302000
5.112000
4.889000
5.037000
4.967000
5.634000
4.986000
5.346000
5.258000
5.073000
4.780000
5.231000
5.241000
5.031000
5.698000
5.518000
4.987000
4.184000
4.622000
4.487000
5.140000
4.709000
4.636000
5.408000
5.457000
4.773000
5.104000
5.047000
4.963000
4.742000
5.450000
5.259000
4.913000
5.127000
4.599000
4.806000
5.166000
5.043000
4.735000
4.379000
5.701000
5.362000
5.521000
5.648000
5.167000
4.957000
5.252000
4.825000
4.812000
4.857000
4.996000
4.445000
5.488000
5.589000
5.219000
5.026000
4.996000
5.070000
4.860000
4.507000
5.690000
5.065000
4.875000
5.138000
4.864000
4.664000
5.309000
5.258000
5.194000
4.935000
5.597000
4.483000
5.335000
5.037000
5.023000
4.750000
4.897000
5.548000
4.853000
5.068000
5.618000
4.977000
4.787000
4.572000
4.594000
4.866000
5.025000
4.874000
5.106000
4.438000
5.132000
4.938000
5.565000
5.191000
5.182000
4.909000
4.797000
4.694000
4.670000
5.422000
5.370000
4.653000
5.276000
4.993000
4.542000
4.923000
4.582000
5.305000
4.735000
5.033000
4.135000
4.552000
4.718000
4.578000
5.451000
5.323000
5.013000
4.255000
5.131000
4.994000
5.195000
5.156000
5.237000
5.485000
5.261000
4.863000
4.862000
4.877000
5.078000
5.455000
4.806000
4.956000
4.569000
5.282000
4.831000
5.002000
5.355000
5.252000
4.848000
5.438000
4.817000
5.356000
5.056000
5.207000
4.784000
4.954000
4.891000
5.225000
4.563000
5.361000
4.682000
5.001000
5.522000
4.245000
4.794000
4.783000
5.124000
4.669000
4.940000
4.410000
4.503000
4.820000
4.862000
4.905000
5.296000
5.015000
4.711000
4.914000
4.549000
5.009000
4.697000
5.389000
4.983000
4.366000
5.161000
4.646000
4.934000
5.092000
4.918000
4.609000
5.056000
4.716000
5.275000
5.167000
4.423000
4.678000
4.850000
4.977000
5.341000
5.470000
4.884000
4.906000
4.727000
4.928000
5.095000
5.416000
5.103000
5.114000
4.705000
4.638000
4.518000
4.750000
5.346000
4.721000
4.058000
5.245000
5.198000
5.051000
4.932000
4.766000
4.781000
5.001000
5.431000
4.803000
4.768000
5.309000
5.500000
4.667000
4.883000
4.776000
5.476000
5.251000
5.189000
4.950000
4.691000
5.017000
4.642000
5.192000
5.084000
5.036000
4.648000
5.352000
4.881000
4.666000
4.842000
5.471000
4.823000
4.521000
4.876000
5.308000
5.889000
4.993000
4.935000
4.787000
5.096000
4.753000
4.658000
4.895000
5.128000
5.259000
4.619000
5.113000
5.135000
4.722000
5.543000
5.013000
5.056000
5.025000
5.085000
5.168000
5.186000
4.453000
4.566000
4.874000
4.622000
5.699000
4.662000
5.371000
4.456000
4.764000
5.416000
5.222000
4.795000
4.862000
6.000000
4.659000
4.907000
4.230000
4.824000
5.439000
4.889000
4.804000
4.895000
4.701000
5.156000
4.660000
4.993000
4.775000
5.073000
4.555000
4.777000
5.197000
5.091000
4.000000
4.512000
5.377000
4.704000
5.298000
4.918000
4.631000
5.048000
5.194000
5.395000
4.730000
5.458000
5.138000
4.458000
4.958000
4.983000
4.949000
4.751000
4.970000
5.137000
4.963000
4.949000
4.644000
4.941000
5.352000
4.875000
4.631000
5.123000
4.738000
5.227000
4.467000
5.188000
4.506000
4.584000
5.398000
5.042000
5.237000
5.159000
4.701000
4.846000
4.897000
5.056000
4.800000
4.873000
4.922000
5.164000
5.287000
4.727000
5.197000
4.898000
4.901000
4.543000
4.491000
5.060000
4.866000
5.114000
4.397000
4.930000
5.109000
5.001000
4.988000
4.562000
5.417000
4.178000
5.044000
5.266000
5.678000
4.726000
4.804000
5.371000
5.511000
5.108000
5.351000
5.163000
5.308000
5.405000
4.698000
4.834000
5.112000
4.457000
5.011000
4.910000
4.353000
4.965000
4.248000
4.946000
4.790000
4.983000
5.151000
4.708000
5.775000
4.410000
4.670000
5.312000
5.139000
5.693000
5.291000
5.062000
4.780000
5.162000
5.089000
5.193000
4.232000
5.138000
5.191000
4.508000
4.875000
4.471000
5.665000
5.252000
5.406000
5.403000
4.828000
5.111000
5.291000
4.682000
4.681000
5.516000
4.631000
5.306000
4.754000
4.720000
5.383000
4.754000
4.823000
5.213000
5.123000
4.774000
5.000000
5.071000
5.748000
4.654000
5.249000
5.298000
4.608000
5.474000
4.919000
4.542000
5.299000
5.538000
4.902000
4.967000
4.746000
4.877000
5.002000
4.924000
4.992000
4.845000
5.161000
4.766000
5.135000
5.161000
5.253000
5.269000
4.986000
5.489000
4.963000
5.087000
5.376000
5.435000
5.354000
5.091000
4.397000
5.006000
4.371000
4.061000
4.775000
5.133000
5.282000
5.079000
4.773000
4.945000
4.682000
5.208000
5.582000
5.288000
4.834000
4.925000
4.912000
4.175000
5.369000
5.605000
4.732000
5.120000
4.938000
5.247000
5.360000
4.612000
4.811000
4.470000
5.285000
4.793000
5.447000
5.035000
5.475000
5.575000
4.900000
5.145000
5.159000
4.710000
5.366000
4.681000
4.721000
4.824000
4.784000
4.914000
5.140000
4.963000
5.002000
4.651000
4.773000
5.124000
5.191000
5.539000
4.949000
4.962000
5.320000
5.466000
5.116000
5.138000
5.018000
4.590000
4.930000
5.190000
5.034000
4.848000
4.834000
4.718000
4.470000
4.764000
5.040000
4.578000
4.807000
4.761000
5.016000
5.069000
4.855000
4.982000
4.698000
5.230000
5.015000
5.240000
5.121000
5.022000
4.422000
5.162000
5.442000
5.023000
4.399000
5.635000
4.830000
4.999000
5.361000
5.024000
4.942000
4.892000
5.022000
4.860000
4.940000
4.414000
4.986000
5.057000
4.283000
5.366000
4.898000
4.309000
5.151000
4.991000
5.659000
4.358000
5.679000
4.952000
4.720000
4.858000
4.956000
5.368000
5.299000
4.727000
4.649000
5.960000
5.095000
5.022000
4.898000
5.627000
5.375000
5.646000
4.557000
4.858000
5.348000
4.996000
4.439000
4.637000
5.075000
5.589000
4.511000
4.795000
4.969000
5.032000
5.391000
5.083000
4.276000
5.497000
5.017000
5.027000
4.616000
4.937000
4.887000
5.086000
4.957000
5.061000
5.247000
5.154000
4.956000
4.997000
5.372000
5.032000
4.924000
4.822000
4.708000
4.502000
5.554000
4.426000
4.688000
4.810000
5.505000
5.106000
4.936000
5.283000
4.689000
5.247000
5.870000
4.466000
5.748000
5.002000
5.958000
5.532000
5.439000
5.511000
4.897000
4.966000
5.112000
4.594000
4.908000
5.472000
4.671000
4.587000
5.102000
4.985000
5.261000
5.230000
4.736000
5.008000
5.068000
5.045000
4.950000
4.877000
5.752000
5.232000
4.812000
4.723000
4.671000
4.890000
4.651000
4.938000
5.192000
4.684000
5.498000
4.491000
5.409000
4.399000
5.163000
4.542000
5.425000
4.547000
4.290000
4.830000
4.584000
5.381000
5.236000
5.288000
4.970000
5.393000
4.000000
5.009000
5.221000
4.553000
4.975000
4.782000
5.422000
5.217000
4.942000
5.000000
5.558000
5.178000
4.377000
5.506000
4.424000
4.198000
4.768000
5.200000
5.264000
5.203000
4.891000
5.034000
4.234000
5.210000
4.954000
5.210000
5.195000
5.533000
4.738000
4.464000
4.904000
5.124000
4.498000
5.247000
4.899000
5.059000
4.634000
5.087000
5.007000
4.913000
4.257000
5.092000
4.201000
4.821000
4.437000
5.694000
5.178000
5.545000
5.015000
5.146000
5.101000
5.789000
4.850000
5.251000
4.962000
5.153000
5.820000
4.639000
5.415000
4.398000
4.801000
5.249000
5.230000
5.146000
4.675000
5.259000
4.889000
5.090000
4.868000
4.427000
5.156000
5.187000
5.195000
4.601000
4.023000
5.399000
5.207000
4.964000
5.970000
5.131000
5.148000
5.123000
4.999000
5.134000
5.331000
5.238000
4.872000
4.149000
5.164000
5.288000
5.125000
5.158000
5.637000
4.485000
4.513000
4.995000
5.164000
4.989000
5.138000
5.425000
5.424000
5.619000
5.500000
4.763000
4.828000
5.039000
5.223000
5.142000
5.289000
4.055000
4.506000
4.311000
5.292000
5.059000
5.539000
4.531000
5.312000
4.700000
5.539000
5.032000
5.226000
4.732000
4.798000
4.685000
4.923000
4.860000
4.598000
5.120000
5.018000
4.514000
5.120000
4.676000
5.044000
4.954000
5.031000
4.691000
5.185000
4.803000
4.746000
4.700000
5.116000
4.984000
5.082000
5.076000
4.901000
4.657000
5.138000
4.955000
4.612000
5.050000
5.352000
4.930000
5.016000
5.007000
5.108000
5.527000
4.784000
4.819000
5.086000
5.535000
4.977000
5.013000
5.092000
5.180000
5.154000
4.876000
4.696000
4.338000
5.062000
5.646000
5.542000
5.355000
4.894000
5.377000
4.711000
5.026000
5.687000
4.473000
5.114000
5.078000
5.356000
5.223000
5.105000
5.032000
4.858000
5.065000
4.670000
4.551000
5.736000
5.060000
5.094000
4.984000
4.885000
4.469000
5.293000
5.020000
5.294000
4.924000
5.019000
4.724000
5.003000
5.428000
5.498000
5.098000
5.104000
4.914000
4.795000
4.971000
4.740000
5.108000
5.171000
5.001000
5.078000
5.237000
5.655000
5.711000
4.980000
4.642000
5.255000
4.937000
5.183000
4.688000
4.904000
4.954000
5.448000
4.744000
5.256000
5.268000
5.037000
4.923000
4.862000
4.880000
5.124000
5.325000
4.868000
4.895000
4.245000
4.957000
4.773000
4.456000
5.015000
5.104000
4.812000
4.621000
5.051000
5.131000
5.027000
4.960000
5.225000
4.980000
5.183000
5.312000
5.265000
4.859000
4.848000
4.959000
4.496000
4.925000
5.572000
5.138000
5.821000
5.342000
5.040000
4.416000
4.082000
5.063000
4.917000
5.063000
5.005000
5.697000
4.682000
5.156000
5.859000
4.841000
5.006000
5.290000
5.243000
4.693000
4.682000
4.614000
5.263000
5.272000
4.736000
4.868000
5.215000
4.936000
4.944000
4.935000
5.020000
5.710000
4.771000
4.617000
4.520000
5.330000
4.533000
4.842000
5.324000
4.863000
5.621000
5.308000
4.854000
4.732000
5.340000
5.860000
4.909000
4.721000
4.503000
4.773000
5.211000
4.891000
4.681000
4.609000
5.389000
4.083000
4.812000
5.241000
4.778000
5.502000
4.974000
4.960000
5.008000
5.365000
4.314000
4.598000
5.732000
4.415000
4.834000
4.691000
5.849000
4.976000
5.637000
4.928000
5.670000
5.435000
5.286000
4.791000
4.926000
5.067000
5.445000
4.902000
4.939000
4.203000
4.840000
4.538000
5.098000
4.635000
5.055000
4.790000
4.691000
5.156000
4.738000
4.805000
5.146000
4.500000
4.399000
4.657000
4.874000
5.385000
4.701000
5.002000
4.533000
5.107000
4.557000
4.482000
5.196000
4.838000
5.462000
4.822000
5.003000
4.730000
5.387000
5.028000
4.443000
4.743000
4.882000
4.680000
4.661000
5.415000
4.484000
5.054000
4.733000
5.153000
5.079000
4.821000
5.243000
4.958000
4.934000
4.781000
4.831000
4.673000
4.977000
5.120000
4.593000
5.179000
4.578000
4.739000
5.134000
5.286000
5.212000
4.563000
4.853000
4.415000
4.891000
4.960000
4.970000
4.542000
5.189000
4.576000
4.927000
5.645000
5.446000
5.710000
4.578000
5.263000
4.713000
5.284000
5.099000
5.260000
4.754000
4.812000
4.400000
4.336000
5.254000
5.069000
5.113000
4.263000
5.307000
5.289000
5.157000
5.040000
5.020000
4.886000
4.796000
5.347000
5.401000
5.327000
5.314000
5.065000
4.928000
5.226000
5.183000
4.840000
5.235000
5.774000
4.605000
4.731000
4.666000
5.328000
5.168000
4.995000
5.379000
4.607000
4.861000
5.432000
5.056000
4.787000
5.247000
5.345000
5.177000
4.807000
5.034000
5.222000
4.956000
4.985000
4.908000
5.146000
4.750000
4.686000
4.624000
5.109000
5.237000
4.981000
5.103000
5.429000
5.225000
4.943000
5.323000
4.805000
5.138000
4.805000
4.888000
5.007000
5.281000
5.131000
5.339000
5.015000
5.156000
5.500000
5.509000
5.060000
5.427000
4.984000
4.875000
4.608000
5.125000
5.254000
4.943000
4.626000
5.289000
5.209000
4.732000
5.650000
5.107000
4.853000
5.214000
5.246000
4.818000
4.910000
4.745000
4.840000
5.103000
5.100000
5.021000
4.718000
4.936000
4.789000
4.814000
4.783000
5.227000
4.935000
4.657000
5.189000
4.860000
4.527000
5.007000
5.342000
5.481000
5.295000
4.514000
6.000000
5.017000
5.143000
4.775000
5.075000
5.001000
4.792000
5.259000
4.352000
5.325000
5.146000
5.324000
5.885000
5.366000
4.479000
4.427000
4.766000
5.188000
4.848000
4.808000
4.554000
5.119000
4.750000
5.279000
5.831000
5.023000
4.619000
4.422000
4.800000
4.235000
4.996000
5.162000
4.600000
5.006000
4.664000
5.162000
5.000000
4.984000
4.936000
4.999000
5.046000
5.370000
4.873000
4.368000
5.587000
4.864000
4.524000
4.679000
4.758000
4.711000
5.718000
4.658000
6.000000
5.064000
5.178000
5.111000
4.936000
4.685000
5.235000
4.290000
5.143000
5.697000
4.816000
5.383000
4.649000
4.744000
4.979000
4.632000
4.512000
5.094000
5.304000
4.924000
4.644000
6.000000
4.699000
4.800000
5.452000
4.276000
5.554000
4.648000
5.377000
4.568000
4.999000
5.769000
4.581000
4.920000
5.097000
5.219000
5.204000
5.135000
4.640000
4.883000
4.849000
5.096000
5.114000
4.740000
4.577000
4.655000
4.936000
4.667000
5.230000
5.585000
4.785000
5.278000
5.038000
4.790000
4.953000
5.027000
4.876000
4.609000
4.913000
5.032000
5.005000
4.659000
4.356000
4.449000
4.739000
4.822000
5.141000
5.003000
5.879000
5.007000
4.546000
4.898000
5.477000
4.927000
5.096000
4.795000
5.034000
5.079000
4.727000
5.279000
4.805000
5.120000
4.958000
4.661000
4.795000
4.419000
5.342000
5.571000
5.206000
5.458000
4.617000
5.485000
5.133000
4.869000
5.112000
5.324000
5.582000
4.680000
5.447000
5.225000
5.540000
4.768000
5.223000
5.231000
5.382000
4.810000
5.670000
5.278000
5.046000
4.812000
5.547000
4.676000
4.597000
5.591000
5.547000
4.632000
5.435000
5.485000
5.314000
5.046000
4.972000
5.516000
4.437000
5.175000
5.210000
5.181000
5.038000
5.233000
5.200000
5.173000
4.375000
4.993000
5.002000
5.225000
5.194000
4.536000
5.050000
4.587000
5.434000
5.222000
5.388000
5.114000
4.885000
4.991000
4.790000
5.736000
5.420000
4.592000
5.111000
5.567000
4.760000
4.934000
4.933000
5.547000
4.909000
4.997000
4.412000
4.651000
4.529000
5.202000
5.210000
4.364000
4.623000
5.641000
4.773000
5.031000
5.260000
5.468000
5.186000
5.236000
4.808000
5.101000
5.004000
4.809000
5.105000
5.597000
5.753000
5.355000
4.571000
5.037000
4.811000
4.864000
4.879000
5.046000
5.319000
4.779000
4.738000
5.335000
4.914000
4.532000
5.189000
5.261000
4.925000
5.070000
4.656000
4.715000
4.835000
4.603000
5.335000
4.631000
5.314000
5.173000
4.826000
4.807000
5.115000
5.615000
4.454000
4.968000
5.222000
5.052000
5.015000
4.566000
4.793000
4.921000
4.989000
5.277000
4.928000
5.489000
4.594000
4.428000
4.505000
5.389000
4.680000
4.954000
5.185000
4.666000
5.160000
4.981000
5.332000
4.849000
5.335000
4.576000
5.196000
4.371000
4.999000
5.127000
4.718000
4.709000
5.498000
5.168000
4.843000
5.344000
5.090000
4.904000
4.915000
5.124000
4.956000
4.868000
4.890000
5.228000
5.594000
5.777000
5.433000
4.704000
4.987000
5.095000
4.926000
5.149000
5.776000
4.664000
4.844000
4.977000
5.032000
5.238000
5.363000
5.445000
5.247000
5.026000
4.513000
5.186000
5.380000
4.609000
4.981000
5.569000
5.123000
4.671000
4.938000
4.266000
4.952000
5.107000
4.890000
4.976000
4.889000
4.409000
4.787000
4.882000
5.216000
5.896000
4.778000
5.295000
4.952000
4.714000
5.321000
5.021000
5.296000
4.711000
4.979000
4.581000
4.726000
4.737000
5.427000
5.038000
5.112000
4.723000
4.922000
5.326000
5.323000
4.810000
5.118000
4.741000
5.564000
5.045000
5.182000
4.613000
4.908000
5.045000
5.367000
5.897000
5.041000
5.506000
4.827000
5.025000
4.766000
5.235000
4.598000
4.995000
5.177000
5.222000
4.989000
5.230000
4.483000
4.395000
5.474000
4.646000
5.006000
4.757000
5.294000
4.571000
5.019000
5.049000
5.135000
5.174000
5.099000
4.332000
5.168000
4.892000
5.149000
4.793000
4.983000
5.150000
4.642000
5.240000
5.167000
4.701000
5.401000
5.282000
4.846000
4.206000
4.664000
4.620000
4.844000
4.948000
4.645000
5.390000
4.784000
5.203000
4.687000
4.526000
4.230000
4.581000
4.716000
4.835000
4.767000
5.363000
4.793000
5.047000
4.814000
4.844000
4.361000
5.071000
5.063000
4.556000
4.486000
4.984000
5.225000
5.268000
5.359000
4.782000
4.949000
4.859000
5.400000
5.152000
5.099000
4.723000
4.748000
4.952000
4.878000
5.411000
5.102000
5.037000
5.324000
5.684000
4.794000
4.853000
5.449000
4.573000
5.298000
5.273000
4.690000
5.392000
5.115000
5.049000
5.788000
4.970000
4.780000
5.351000
5.198000
4.889000
5.103000
4.769000
4.731000
5.045000
5.039000
4.903000
4.790000
5.191000
5.362000
5.178000
5.597000
5.445000
5.229000
4.562000
5.103000
5.077000
4.993000
5.415000
4.883000
4.882000
4.939000
5.197000
4.877000
5.523000
5.743000
4.828000
5.053000
4.738000
4.896000
4.776000
5.096000
5.487000
5.059000
4.748000
5.306000
5.360000
4.820000
5.538000
4.879000
5.134000
4.990000
5.043000
4.913000
4.805000
4.476000
5.081000
5.126000
5.150000
5.069000
5.344000
5.306000
4.592000
5.527000
5.087000
5.366000
5.209000
5.053000
5.261000
4.606000
5.229000
5.175000
4.773000
5.161000
4.837000
4.648000
5.202000
4.873000
4.508000
4.431000
4.751000
4.284000
4.822000
4.494000
5.291000
4.515000
4.640000
4.454000
5.676000
4.873000
4.496000
4.918000
4.839000
4.756000
5.415000
4.253000
4.770000
4.715000
5.190000
4.945000
4.288000
5.187000
5.493000
4.354000
5.180000
5.162000
5.250000
4.796000
5.230000
5.160000
5.527000
4.570000
4.975000
4.906000
5.097000
4.970000
5.614000
5.103000
4.898000
4.764000
5.024000
5.344000
4.920000
4.919000
5.033000
4.891000
5.123000
5.368000
5.232000
4.393000
4.961000
4.795000
5.793000
5.397000
5.024000
5.751000
5.499000
4.534000
5.140000
5.566000
5.093000
5.359000
4.685000
4.183000
5.207000
4.851000
5.176000
5.662000
5.071000
4.814000
5.018000
4.700000
4.031000
4.000000
5.291000
5.187000
5.184000
5.142000
4.667000
5.134000
5.238000
4.117000
5.106000
4.986000
5.156000
4.377000
4.945000
4.768000
4.506000
4.173000
5.422000
4.920000
5.057000
4.869000
4.131000
5.136000
4.498000
4.816000
5.469000
4.687000
5.250000
4.679000
4.726000
4.973000
5.108000
4.500000
5.204000
5.032000
5.208000
4.679000
5.515000
5.447000
5.529000
5.556000
5.535000
5.502000
5.665000
4.960000
4.747000
4.747000
5.282000
5.277000
5.002000
4.323000
4.460000
4.801000
5.059000
4.824000
4.451000
5.055000
5.561000
4.581000
4.982000
4.797000
4.886000
4.932000
4.811000
4.790000
5.760000
6.000000
4.655000
4.979000
4.630000
5.913000
5.205000
5.549000
5.207000
4.637000
4.424000
4.689000
4.631000
4.973000
4.738000
5.147000
4.946000
5.039000
5.082000
4.775000
5.567000
4.721000
4.393000
5.117000
4.473000
4.646000
4.402000
5.530000
5.391000
5.110000
4.959000
4.927000
5.270000
4.847000
5.449000
4.629000
4.960000
4.948000
4.874000
4.943000
5.332000
4.776000
4.869000
4.941000
4.940000
4.702000
5.334000
5.193000
4.969000
4.971000
5.296000
4.832000
4.473000
4.870000
5.383000
5.121000
4.646000
5.201000
4.534000
4.789000
5.421000
5.205000
4.730000
4.693000
5.290000
4.957000
4.993000
4.553000
5.163000
5.508000
4.852000
4.880000
4.795000
5.448000
4.945000
5.189000
5.162000
5.035000
5.614000
4.852000
5.143000
4.554000
5.138000
4.780000
5.282000
4.956000
5.011000
5.154000
4.652000
5.165000
5.441000
5.038000
4.939000
4.845000
5.142000
5.083000
4.959000
5.059000
5.252000
4.526000
4.554000
4.942000
4.973000
5.281000
4.730000
5.099000
5.112000
4.955000
5.380000
4.767000
4.771000
4.632000
5.262000
5.306000
4.905000
5.633000
4.974000
4.708000
4.557000
5.042000
4.888000
4.981000
4.941000
5.428000
4.988000
4.899000
5.114000
4.228000
5.231000
5.163000
4.559000
4.976000
5.402000
5.112000
4.857000
4.873000
4.725000
5.393000
4.734000
5.414000
4.861000
4.578000
5.122000
5.190000
4.441000
4.879000
4.999000
4.884000
5.088000
4.795000
5.187000
4.977000
4.000000
4.967000
4.834000
5.715000
5.091000
4.474000
5.142000
5.146000
5.178000
4.520000
4.785000
4.754000
5.528000
4.794000
5.283000
5.196000
5.138000
4.539000
5.035000
5.002000
5.147000
5.140000
5.329000
5.564000
5.033000
4.296000
5.107000
5.209000
4.448000
4.499000
5.029000
4.241000
4.652000
4.985000
4.753000
5.003000
4.939000
5.245000
5.207000
4.987000
5.042000
5.016000
4.727000
4.910000
5.092000
4.639000
5.055000
4.885000
4.893000
4.900000
5.659000
4.683000
5.092000
4.641000
4.861000
4.894000
4.699000
4.283000
5.149000
5.023000
5.418000
5.182000
4.577000
4.911000
4.967000
5.589000
5.404000
4.589000
4.708000
4.969000
4.619000
4.908000
5.224000
4.272000
4.748000
4.694000
4.765000
5.703000
4.625000
5.032000
4.802000
4.955000
5.154000
4.415000
5.372000
5.273000
5.270000
4.274000
5.273000
5.430000
4.996000
4.436000
5.189000
5.125000
5.068000
4.875000
4.679000
4.542000
5.551000
4.760000
4.849000
4.527000
5.006000
5.160000
5.038000
5.292000
5.044000
4.873000
5.399000
5.313000
4.929000
5.364000
4.562000
5.230000
5.001000
5.195000
5.205000
5.332000
4.760000
4.590000
5.152000
5.167000
5.343000
4.731000
5.455000
5.179000
5.073000
4.745000
5.230000
5.223000
4.680000
4.149000
4.968000
5.519000
5.176000
5.135000
5.187000
4.454000
5.177000
4.955000
4.286000
5.051000
4.818000
5.018000
5.245000
5.134000
5.427000
5.029000
4.499000
5.099000
5.280000
4.853000
5.016000
4.750000
5.049000
5.003000
4.919000
5.107000
5.336000
5.061000
4.147000
4.643000
4.743000
5.036000
4.806000
4.527000
5.281000
4.701000
5.364000
5.113000
4.806000
5.150000
4.601000
5.018000
5.183000
4.660000
4.481000
4.530000
5.412000
4.694000
4.277000
4.772000
5.625000
4.736000
4.899000
4.780000
4.685000
5.128000
5.080000
5.197000
5.183000
5.158000
5.402000
4.482000
4.537000
4.983000
4.986000
5.038000
5.238000
5.487000
5.354000
5.280000
4.944000
4.692000
5.619000
5.252000
4.358000
5.343000
4.910000
5.046000
4.983000
5.440000
4.855000
5.458000
4.566000
5.252000
4.518000
5.388000
5.367000
5.898000
4.825000
5.299000
4.573000
4.483000
4.941000
5.193000
5.263000
5.220000
5.259000
5.140000
5.313000
4.915000
4.985000
5.011000
5.091000
4.551000
4.978000
4.763000
4.566000
5.115000
5.281000
5.277000
4.877000
4.949000
4.871000
4.598000
5.622000
5.023000
4.735000
4.359000
5.658000
4.850000
4.672000
4.936000
5.401000
5.553000
4.546000
4.650000
4.715000
5.419000
4.539000
5.484000
4.865000
4.917000
5.016000
5.065000
4.832000
5.041000
5.336000
5.365000
4.829000
5.056000
4.599000
4.925000
4.926000
5.217000
4.708000
5.393000
4.759000
5.131000
4.560000
5.274000
4.978000
5.131000
4.798000
4.997000
4.850000
5.047000
5.438000
5.054000
5.107000
5.376000
4.909000
4.821000
5.096000
4.759000
5.341000
4.594000
5.101000
5.491000
4.599000
5.274000
4.376000
4.484000
4.918000
5.376000
5.205000
5.141000
5.150000
4.654000
5.214000
4.192000
4.760000
4.754000
4.671000
5.204000
4.720000
5.239000
4.881000
5.474000
4.844000
5.429000
4.418000
4.905000
5.550000
4.427000
5.036000
5.391000
5.205000
5.561000
4.442000
4.809000
5.170000
5.799000
4.994000
4.471000
4.800000
5.238000
5.059000
4.745000
4.803000
4.719000
4.579000
4.891000
5.062000
4.548000
4.716000
4.186000
4.761000
5.374000
4.752000
5.505000
5.019000
5.261000
5.019000
4.963000
4.897000
5.025000
4.776000
5.263000
4.892000
4.595000
5.667000
5.501000
4.665000
4.781000
4.171000
5.477000
5.243000
5.045000
4.633000
5.030000
5.083000
5.460000
4.780000
5.429000
4.894000
4.470000
5.054000
4.719000
5.704000
5.381000
4.833000
5.140000
4.688000
5.172000
4.835000
4.730000
5.453000
4.508000
4.954000
5.004000
5.257000
4.808000
5.324000
5.544000
4.633000
4.967000
4.815000
4.539000
5.090000
5.621000
4.826000
5.423000
5.081000
5.513000
5.354000
5.143000
5.016000
4.817000
5.348000
5.206000
5.123000
5.232000
5.468000
5.268000
4.886000
4.711000
5.064000
4.786000
5.382000
4.699000
4.840000
4.531000
5.017000
4.750000
4.750000
5.002000
5.327000
4.824000
5.172000
5.215000
5.515000
5.520000
5.148000
5.405000
5.318000
5.438000
5.071000
5.407000
4.997000
5.252000
5.036000
5.017000
4.782000
5.034000
5.608000
4.425000
5.162000
5.242000
5.189000
5.634000
4.924000
5.114000
4.970000
4.627000
4.724000
5.155000
5.338000
5.347000
5.471000
4.412000
4.856000
5.623000
5.226000
5.052000
4.786000
4.717000
5.022000
4.945000
4.814000
5.098000
4.868000
5.304000
4.855000
4.680000
5.009000
4.965000
4.994000
4.594000
4.735000
4.614000
5.130000
4.792000
5.253000
4.562000
5.206000
5.654000
4.560000
5.000000
5.244000
4.794000
5.533000
5.107000
4.550000
5.170000
5.172000
4.411000
4.677000
5.381000
5.253000
5.184000
5.226000
5.533000
5.128000
5.105000
5.250000
5.362000
4.686000
5.067000
4.747000
4.843000
5.343000
5.130000
4.800000
4.348000
5.176000
5.445000
5.097000
4.574000
5.174000
5.376000
4.590000
4.756000
4.677000
4.808000
5.217000
5.389000
4.642000
5.140000
5.340000
5.389000
5.439000
4.854000
4.821000
4.887000
4.621000
5.198000
5.091000
5.147000
5.176000
5.074000
5.144000
4.334000
4.933000
5.207000
4.242000
5.274000
4.726000
5.553000
4.552000
5.294000
5.700000
5.413000
5.178000
4.433000
5.294000
4.988000
5.101000
4.974000
5.325000
4.665000
5.241000
4.821000
4.907000
5.223000
5.145000
5.031000
5.478000
4.654000
4.872000
5.117000
4.749000
4.893000
5.432000
5.205000
5.080000
5.324000
4.534000
4.996000
5.192000
4.748000
5.456000
5.287000
5.072000
5.010000
4.972000
4.844000
5.190000
4.904000
5.824000
4.867000
4.756000
5.278000
4.751000
4.831000
5.219000
4.996000
5.524000
4.855000
5.366000
4.342000
5.067000
5.277000
4.697000
5.775000
5.309000
4.744000
4.651000
4.695000
4.907000
4.916000
5.584000
4.811000
4.767000
5.231000
5.482000
5.290000
4.934000
5.509000
4.563000
5.314000
4.922000
5.034000
4.971000
5.731000
5.536000
5.198000
4.244000
5.280000
5.001000
5.100000
4.514000
4.540000
4.000000
5.635000
5.382000
5.690000
4.692000
4.801000
5.587000
4.998000
4.782000
5.228000
5.409000
5.074000
4.953000
4.896000
4.582000
4.931000
5.111000
4.978000
4.748000
4.879000
4.845000
5.111000
4.741000
4.989000
4.693000
5.520000
5.401000
5.131000
4.955000
5.067000
4.588000
5.148000
5.324000
5.475000
5.330000
4.842000
5.077000
5.172000
4.472000
4.583000
4.772000
5.438000
5.244000
4.712000
4.879000
5.193000
4.469000
4.902000
4.623000
4.527000
4.811000
4.775000
5.609000
5.123000
4.835000
4.655000
5.001000
5.006000
5.238000
4.673000
5.234000
5.128000
5.234000
5.039000
5.254000
5.511000
5.264000
4.946000
5.829000
5.104000
5.680000
4.976000
5.432000
4.878000
5.179000
4.719000
5.514000
4.710000
5.184000
5.304000
5.285000
4.898000
4.866000
4.924000
5.226000
4.468000
5.174000
4.616000
5.006000
5.085000
5.027000
5.329000
5.685000
5.664000
4.713000
5.265000
5.183000
5.331000
5.124000
4.899000
5.292000
4.994000
5.585000
4.881000
4.637000
5.280000
5.260000
4.841000
5.324000
5.240000
5.337000
5.542000
5.131000
5.661000
4.777000
4.659000
4.430000
4.830000
5.708000
4.882000
5.152000
4.714000
4.733000
4.825000
5.059000
4.224000
5.464000
4.915000
5.252000
4.977000
4.907000
4.930000
4.773000
5.490000
4.872000
4.993000
5.247000
4.880000
4.895000
5.348000
5.238000
5.413000
4.727000
5.230000
5.522000
4.438000
4.992000
4.866000
4.978000
5.634000
4.835000
5.685000
4.875000
5.546000
5.241000
4.890000
4.633000
5.073000
5.025000
5.037000
5.218000
4.754000
4.955000
4.998000
4.451000
5.216000
5.215000
4.860000
4.887000
5.199000
5.069000
4.621000
5.023000
4.555000
5.108000
4.644000
4.876000
5.152000
4.740000
5.650000
4.968000
5.070000
5.125000
4.791000
4.603000
5.216000
4.933000
4.961000
4.579000
5.147000
5.306000
5.332000
4.840000
5.340000
5.468000
4.594000
4.232000
4.467000
5.003000
5.377000
4.662000
5.184000
4.722000
5.109000
5.232000
5.150000
5.187000
4.871000
5.242000
5.113000
5.304000
5.208000
5.149000
4.481000
4.529000
5.241000
4.568000
5.178000
4.806000
5.399000
5.821000
4.966000
5.139000
5.157000
4.848000
4.907000
5.237000
4.966000
5.036000
4.631000
5.159000
4.972000
5.030000
5.037000
5.064000
5.238000
5.239000
4.544000
4.639000
4.870000
4.967000
5.025000
5.055000
4.861000
4.787000
5.002000
5.349000
5.173000
4.846000
5.156000
4.723000
5.101000
4.986000
5.134000
4.628000
4.947000
5.264000
5.221000
5.430000
4.904000
5.199000
5.103000
4.880000
5.373000
5.022000
4.668000
5.284000
5.049000
5.326000
5.011000
5.117000
5.198000
4.966000
5.183000
5.144000
4.892000
4.908000
5.032000
4.546000
5.030000
5.074000
5.354000
5.217000
5.212000
5.544000
4.411000
5.429000
5.335000
4.830000
5.261000
5.345000
4.846000
5.618000
4.762000
5.333000
5.381000
4.889000
5.709000
5.619000
5.284000
4.886000
4.738000
5.095000
4.809000
5.602000
5.369000
5.277000
4.696000
5.345000
5.702000
4.907000
4.794000
5.335000
4.554000
5.780000
5.489000
5.458000
4.873000
5.040000
5.044000
5.065000
5.582000
5.379000
5.102000
5.711000
4.994000
5.390000
4.833000
4.862000
5.030000
5.126000
5.051000
5.105000
5.085000
5.167000
4.931000
5.147000
4.436000
5.121000
4.686000
4.255000
5.368000
5.016000
4.990000
4.410000
5.668000
5.027000
5.017000
4.819000
5.666000
4.871000
5.223000
5.202000
5.031000
5.192000
4.792000
5.129000
4.482000
5.597000
4.940000
4.714000
5.275000
4.879000
5.173000
5.235000
4.536000
4.752000
4.868000
5.062000
4.797000
5.219000
5.488000
4.792000
5.147000
5.296000
4.604000
5.182000
5.036000
4.545000
5.044000
5.667000
5.171000
4.652000
5.880000
4.859000
4.996000
5.007000
4.801000
5.299000
4.984000
5.006000
5.131000
5.792000
5.109000
4.678000
5.374000
4.888000
4.404000
4.527000
4.840000
5.082000
5.273000
5.342000
4.877000
5.395000
5.312000
5.162000
4.820000
4.544000
4.923000
4.836000
4.815000
4.623000
5.037000
5.521000
5.481000
5.939000
5.084000
5.253000
4.853000
5.032000
5.349000
4.902000
4.506000
5.073000
4.696000
5.011000
4.676000
5.053000
5.205000
5.836000
5.002000
5.207000
4.695000
5.665000
5.245000
4.466000
5.308000
5.446000
4.972000
4.719000
4.650000
5.019000
4.568000
4.984000
5.179000
5.302000
5.196000
4.728000
5.198000
5.144000
4.945000
5.103000
4.349000
4.972000
5.000000
5.159000
6.000000
4.601000
4.801000
4.596000
4.939000
5.738000
4.940000
4.701000
5.392000
4.905000
4.778000
5.632000
4.958000
4.506000
4.489000
4.953000
4.946000
4.395000
5.164000
5.578000
5.337000
5.679000
4.887000
4.684000
4.976000
4.793000
4.626000
5.060000
5.218000
4.622000
4.968000
5.251000
5.247000
4.871000
4.835000
4.831000
4.862000
5.291000
4.444000
4.943000
5.078000
5.090000
4.942000
4.863000
4.565000
5.168000
5.500000
4.088000
4.866000
4.537000
4.405000
5.168000
5.138000
4.608000
4.859000
4.969000
4.789000
5.266000
5.062000
4.837000
5.099000
4.132000
5.334000
4.912000
5.145000
5.965000
4.621000
5.240000
4.418000
4.786000
4.762000
5.506000
4.726000
5.136000
5.387000
5.650000
4.830000
5.042000
4.755000
5.418000
4.669000
4.649000
4.853000
4.729000
4.559000
5.262000
5.509000
4.523000
5.094000
5.188000
4.832000
4.637000
5.147000
4.526000
4.976000
4.755000
4.898000
4.838000
4.597000
5.424000
5.525000
5.161000
5.392000
5.188000
5.200000
4.673000
4.787000
4.710000
4.784000
5.206000
4.654000
4.836000
5.328000
4.546000
5.317000
4.864000
5.115000
5.334000
4.866000
5.167000
4.966000
5.141000
5.288000
4.775000
5.179000
5.458000
4.967000
4.760000
4.976000
5.232000
4.798000
5.216000
5.050000
4.577000
5.145000
5.474000
4.855000
5.426000
5.512000
4.732000
5.442000
5.223000
5.196000
5.176000
5.322000
4.693000
5.158000
4.347000
4.936000
4.801000
4.575000
5.238000
4.206000
4.933000
4.374000
5.319000
5.651000
5.019000
5.353000
4.595000
4.266000
5.300000
5.290000
4.554000
5.129000
5.148000
4.988000
5.281000
4.691000
4.845000
5.576000
4.822000
4.468000
4.916000
5.097000
5.496000
5.529000
4.915000
5.488000
4.842000
4.777000
4.920000
4.857000
5.505000
5.140000
4.365000
4.856000
4.750000
5.326000
4.951000
5.409000
4.516000
5.450000
5.005000
5.179000
5.406000
5.306000
5.168000
5.439000
5.222000
5.228000
5.456000
6.000000
4.398000
5.041000
4.895000
4.913000
4.952000
5.141000
4.801000
4.984000
5.205000
4.589000
5.456000
4.153000
4.998000
5.499000
4.948000
5.094000
4.665000
5.542000
5.198000
5.203000
4.666000
5.207000
5.303000
5.315000
5.405000
5.145000
5.289000
5.164000
4.568000
5.038000
4.851000
5.054000
5.613000
4.743000
4.971000
4.655000
5.210000
5.292000
5.134000
4.699000
5.160000
4.381000
4.791000
5.083000
5.001000
4.734000
5.300000
5.191000
4.913000
4.441000
4.518000
5.272000
4.725000
5.200000
5.473000
5.079000
5.164000
5.164000
5.133000
4.920000
4.836000
5.100000
4.941000
4.681000
4.546000
5.087000
5.178000
5.001000
5.194000
4.570000
4.841000
4.983000
5.360000
4.296000
5.205000
4.700000
5.155000
4.728000
5.089000
5.211000
4.812000
5.013000
5.140000
5.174000
5.265000
4.737000
5.483000
4.787000
5.311000
5.048000
4.997000
5.043000
4.851000
5.151000
5.029000
5.167000
4.967000
5.196000
5.466000
4.708000
4.284000
4.555000
4.975000
5.462000
4.940000
5.220000
5.476000
5.441000
4.640000
5.006000
4.971000
5.107000
5.503000
5.459000
4.687000
4.999000
4.690000
4.480000
4.603000
4.648000
4.997000
4.912000
5.142000
4.706000
5.498000
4.870000
5.579000
5.573000
5.218000
5.253000
4.137000
5.206000
5.124000
5.712000
5.522000
4.780000
5.126000
5.132000
4.730000
5.550000
5.101000
4.903000
4.900000
5.172000
4.874000
4.980000
4.726000
5.276000
4.801000
4.790000
5.431000
5.601000
4.356000
5.111000
5.365000
5.427000
4.387000
5.560000
5.145000
5.290000
5.054000
5.197000
4.760000
5.169000
5.023000
4.572000
4.938000
5.181000
5.119000
4.976000
5.441000
5.394000
5.151000
5.552000
4.602000
5.393000
5.074000
5.416000
4.950000
4.770000
5.321000
5.003000
4.820000
4.293000
5.132000
4.908000
5.403000
5.264000
5.200000
4.839000
5.151000
5.242000
5.230000
4.769000
4.737000
5.342000
4.843000
4.647000
5.010000
5.745000
4.902000
5.006000
4.300000
5.100000
4.536000
5.190000
5.203000
4.820000
4.753000
4.679000
4.942000
4.983000
5.219000
5.610000
4.925000
4.913000
4.996000
4.635000
4.770000
5.404000
4.750000
4.573000
4.817000
4.310000
4.712000
5.211000
4.974000
5.253000
5.050000
5.189000
5.191000
4.480000
5.352000
5.289000
5.169000
5.425000
4.865000
5.171000
4.575000
4.543000
5.296000
5.374000
4.993000
5.392000
5.103000
5.361000
4.929000
4.518000
4.654000
4.985000
4.957000
5.098000
5.450000
4.212000
4.707000
5.328000
5.010000
5.495000
4.686000
4.935000
5.513000
4.555000
5.322000
5.606000
4.638000
4.895000
4.912000
5.412000
5.412000
5.368000
4.903000
5.133000
5.257000
5.182000
5.038000
5.064000
5.153000
4.738000
4.614000
4.838000
5.231000
5.879000
4.997000
5.029000
5.195000
5.042000
4.983000
5.264000
5.020000
4.813000
5.298000
5.026000
4.970000
5.501000
5.226000
4.396000
4.614000
4.783000
5.100000
4.721000
5.103000
5.213000
4.692000
4.668000
5.053000
4.910000
4.954000
5.002000
4.912000
4.669000
4.988000
4.590000
4.812000
4.755000
5.776000
4.039000
4.768000
4.708000
5.146000
5.254000
4.564000
4.807000
4.929000
4.854000
4.994000
4.469000
5.217000
5.099000
5.102000
5.139000
5.195000
4.591000
5.131000
5.078000
4.777000
5.116000
4.537000
4.776000
5.523000
4.421000
4.900000
4.699000
5.051000
4.859000
4.209000
5.089000
5.051000
4.890000
5.561000
4.781000
5.312000
5.650000
5.121000
5.105000
5.047000
4.891000
5.043000
5.487000
5.347000
4.891000
5.356000
5.095000
4.493000
4.948000
4.975000
5.149000
4.964000
4.786000
5.012000
5.086000
5.307000
5.153000
4.943000
5.169000
5.016000
5.320000
4.391000
5.482000
4.711000
4.619000
5.548000
5.050000
5.339000
5.168000
4.898000
5.436000
4.663000
5.041000
4.871000
5.131000
4.135000
5.425000
5.323000
5.220000
4.759000
5.450000
4.821000
5.044000
4.525000
4.941000
5.024000
4.727000
4.940000
5.119000
4.929000
5.151000
5.049000
5.309000
4.938000
5.281000
5.239000
5.026000
4.858000
4.720000
5.267000
5.150000
4.399000
5.351000
4.414000
4.636000
5.217000
5.021000
5.084000
5.077000
4.866000
5.444000
4.810000
4.982000
5.282000
5.249000
4.997000
5.461000
4.821000
4.567000
4.756000
4.453000
4.964000
5.659000
4.579000
5.125000
4.831000
5.414000
5.350000
5.326000
5.565000
5.153000
4.846000
5.162000
4.860000
4.413000
4.827000
5.224000
5.100000
4.868000
4.864000
5.594000
5.016000
5.731000
5.053000
5.007000
5.157000
5.092000
5.194000
4.938000
4.743000
5.052000
4.831000
5.036000
4.938000
5.315000
4.839000
5.199000
4.637000
4.644000
4.783000
5.114000
5.114000
4.765000
4.939000
5.665000
5.034000
4.265000
4.837000
5.373000
5.101000
5.073000
4.637000
5.110000
5.120000
5.136000
4.917000
5.195000
5.523000
4.679000
4.701000
4.777000
4.788000
5.173000
4.826000
4.562000
5.288000
4.712000
4.918000
4.821000
5.244000
5.327000
4.372000
5.392000
5.108000
4.778000
5.279000
5.317000
5.032000
4.934000
5.201000
4.917000
4.441000
4.865000
4.541000
5.106000
5.062000
5.354000
5.036000
4.880000
4.790000
4.587000
5.275000
5.004000
5.109000
5.026000
5.183000
4.790000
4.559000
4.615000
5.114000
4.932000
4.958000
4.945000
4.795000
5.142000
4.992000
4.831000
5.413000
5.022000
4.852000
4.164000
5.325000
5.205000
4.799000
5.006000
5.590000
4.825000
5.789000
4.962000
4.549000
4.740000
5.235000
4.597000
4.787000
4.854000
5.448000
5.209000
4.702000
4.832000
4.867000
4.833000
5.312000
4.178000
4.152000
4.640000
5.597000
4.596000
4.917000
5.108000
5.292000
5.675000
5.335000
5.395000
4.318000
5.130000
4.760000
5.131000
5.017000
5.322000
4.996000
4.862000
5.010000
4.682000
5.134000
5.303000
5.225000
4.947000
5.742000
5.112000
4.662000
5.143000
4.271000
4.688000
5.169000
4.923000
5.481000
4.797000
4.808000
4.997000
5.809000
4.977000
4.503000
5.136000
4.836000
5.669000
5.052000
5.113000
4.879000
5.170000
4.778000
4.289000
4.675000
4.899000
5.376000
5.033000
4.801000
5.345000
4.066000
5.279000
5.191000
5.016000
4.777000
5.301000
5.319000
5.705000
5.039000
5.048000
5.570000
5.371000
4.800000
5.222000
5.545000
4.000000
4.760000
5.306000
5.520000
5.430000
5.192000
5.105000
5.698000
4.810000
5.242000
4.970000
4.758000
5.146000
5.192000
5.440000
5.194000
5.318000
5.097000
4.756000
5.247000
4.870000
4.416000
4.844000
4.962000
5.043000
4.800000
5.024000
4.848000
4.824000
4.499000
4.814000
5.182000
4.755000
5.040000
4.826000
5.249000
5.081000
5.056000
5.706000
5.010000
4.846000
5.227000
5.098000
5.634000
5.143000
4.371000
5.043000
4.769000
5.396000
4.922000
4.907000
5.557000
5.257000
5.037000
4.988000
4.574000
4.895000
5.393000
5.038000
4.298000
4.834000
4.968000
5.164000
5.315000
5.038000
4.964000
4.905000
5.118000
5.252000
4.689000
4.609000
5.105000
4.854000
5.001000
5.236000
4.612000
5.188000
4.625000
4.978000
4.764000
4.914000
4.400000
5.313000
5.037000
4.856000
4.138000
4.576000
4.672000
4.254000
4.623000
5.022000
4.710000
4.750000
5.045000
4.775000
5.130000
5.200000
5.350000
5.355000
5.153000
5.113000
4.699000
4.904000
5.285000
4.795000
5.351000
4.876000
5.270000
5.271000
5.651000
5.270000
5.023000
5.160000
4.602000
4.876000
5.458000
5.011000
4.598000
5.033000
4.866000
4.925000
4.961000
4.670000
5.558000
5.410000
5.310000
5.396000
5.347000
4.899000
4.837000
4.753000
4.926000
5.127000
5.296000
4.524000
5.248000
5.025000
5.148000
5.154000
5.294000
5.165000
5.227000
5.020000
5.182000
5.458000
4.505000
5.083000
5.054000
4.966000
5.083000
4.403000
5.078000
4.959000
5.282000
5.420000
5.433000
4.838000
5.021000
4.412000
4.314000
4.803000
5.411000
5.266000
4.878000
5.046000
4.586000
5.413000
4.943000
5.202000
5.481000
4.792000
5.086000
4.959000
5.480000
4.825000
4.757000
4.969000
4.438000
4.637000
4.396000
4.157000
4.995000
4.440000
4.858000
4.937000
5.486000
4.690000
4.484000
4.530000
4.778000
4.085000
4.981000
4.937000
5.046000
4.714000
4.797000
4.520000
4.805000
5.069000
5.229000
5.048000
5.343000
4.739000
5.304000
5.458000
4.660000
4.211000
5.266000
5.417000
4.584000
5.209000
5.718000
4.977000
5.033000
5.008000
5.473000
4.935000
4.276000
4.882000
5.426000
5.046000
4.688000
5.252000
5.708000
5.107000
5.381000
5.254000
4.485000
4.572000
5.014000
5.208000
5.133000
4.655000
4.929000
5.243000
4.685000
4.959000
5.048000
4.663000
4.854000
4.588000
4.522000
5.221000
5.332000
5.010000
5.029000
5.286000
5.135000
4.048000
4.349000
4.791000
5.098000
4.840000
5.372000
5.563000
4.984000
4.580000
5.432000
5.431000
4.829000
5.317000
4.547000
5.150000
5.226000
5.291000
5.011000
5.019000
5.169000
4.778000
4.535000
4.840000
4.741000
5.245000
4.722000
5.021000
4.752000
4.595000
4.945000
4.729000
4.352000
4.672000
4.951000
5.036000
5.178000
4.406000
4.747000
4.513000
5.685000
4.696000
5.192000
5.136000
5.186000
4.647000
4.847000
4.716000
4.714000
4.672000
4.836000
4.728000
4.889000
5.379000
5.370000
5.150000
4.879000
5.024000
5.159000
5.414000
4.779000
5.176000
5.074000
4.786000
4.997000
4.382000
4.703000
5.191000
5.142000
4.830000
5.260000
4.869000
5.032000
5.468000
4.708000
5.407000
4.697000
4.933000
5.626000
5.728000
5.060000
5.427000
5.436000
5.140000
5.392000
5.092000
5.637000
5.113000
4.740000
5.051000
5.475000
4.612000
4.811000
4.787000
4.898000
5.051000
5.439000
4.549000
4.843000
5.418000
5.678000
5.023000
5.333000
4.866000
5.007000
5.321000
4.750000
4.969000
4.561000
5.315000
4.808000
4.966000
4.745000
4.529000
4.677000
5.086000
4.879000
4.328000
5.674000
5.111000
5.136000
5.035000
5.002000
4.747000
4.575000
4.649000
4.778000
5.664000
4.976000
4.960000
4.599000
4.980000
4.843000
4.937000
5.110000
4.939000
4.779000
4.906000
5.652000
4.485000
5.053000
4.816000
4.652000
4.839000
4.868000
5.339000
5.274000
4.731000
4.588000
4.385000
4.625000
5.430000
4.903000
5.622000
5.287000
5.684000
5.118000
5.501000
5.223000
5.689000
5.089000
5.217000
5.330000
5.064000
5.217000
4.521000
5.213000
5.393000
5.095000
4.873000
5.358000
5.361000
5.614000
5.385000
5.226000
5.037000
5.090000
5.294000
5.272000
4.516000
4.537000
4.566000
4.891000
4.628000
4.640000
4.800000
5.404000
4.624000
5.288000
4.949000
4.997000
4.683000
5.013000
4.978000
5.479000
5.552000
4.554000
4.781000
4.858000
5.258000
4.917000
4.934000
4.514000
4.966000
5.016000
4.740000
5.246000
5.007000
5.444000
5.124000
5.352000
4.528000
5.029000
4.970000
4.491000
4.869000
5.301000
5.251000
4.585000
4.878000
5.233000
4.828000
4.553000
5.032000
4.827000
5.287000
5.245000
4.852000
4.507000
4.539000
5.135000
5.434000
5.345000
4.983000
5.681000
4.690000
5.265000
5.085000
5.335000
5.223000
5.444000
4.875000
4.690000
4.591000
5.023000
4.851000
5.323000
5.612000
4.547000
5.307000
5.112000
4.812000
4.837000
5.320000
4.658000
5.506000
4.709000
5.157000
5.070000
5.418000
4.942000
5.209000
4.642000
4.893000
5.136000
5.557000
4.999000
5.022000
5.131000
4.999000
5.238000
5.093000
4.471000
5.057000
4.432000
5.158000
5.046000
4.960000
5.348000
5.676000
4.322000
4.479000
4.772000
5.030000
4.318000
4.972000
5.083000
4.524000
5.026000
5.172000
5.010000
4.873000
4.827000
4.763000
5.365000
4.753000
4.871000
5.095000
4.761000
5.253000
4.901000
5.324000
5.138000
4.706000
4.946000
5.059000
4.799000
5.314000
5.270000
4.882000
4.905000
5.444000
5.611000
4.655000
4.974000
5.030000
5.229000
4.962000
5.052000
4.825000
4.585000
4.848000
4.718000
5.525000
5.263000
5.490000
4.898000
5.109000
4.787000
5.408000
5.248000
5.427000
5.122000
5.048000
5.252000
4.248000
4.538000
5.375000
4.642000
5.655000
5.069000
5.122000
5.478000
4.998000
5.265000
4.455000
5.261000
4.732000
4.859000
4.777000
5.635000
4.300000
5.057000
4.391000
5.275000
4.416000
4.569000
5.670000
5.430000
4.610000
4.586000
5.177000
4.412000
4.228000
4.772000
4.481000
4.919000
4.693000
4.489000
4.984000
5.579000
5.266000
4.657000
4.854000
5.626000
5.314000
5.097000
4.825000
4.624000
5.229000
4.575000
4.685000
4.928000
4.416000
5.701000
5.315000
4.759000
5.194000
4.930000
5.452000
4.802000
5.051000
5.589000
4.295000
4.719000
5.272000
5.182000
4.997000
4.653000
5.791000
5.021000
5.171000
4.798000
5.178000
4.964000
5.191000
5.186000
4.639000
4.584000
4.776000
4.980000
4.675000
4.632000
5.372000
4.833000
4.891000
4.297000
4.243000
5.175000
5.062000
4.548000
4.677000
5.099000
5.116000
4.970000
5.083000
4.851000
4.459000
4.516000
4.768000
4.992000
5.077000
4.902000
5.471000
4.936000
4.565000
5.248000
4.671000
5.026000
4.456000
4.599000
5.161000
4.888000
5.236000
4.835000
4.778000
4.487000
4.855000
4.923000
5.785000
5.211000
5.349000
4.586000
5.048000
5.460000
4.748000
4.712000
4.202000
4.947000
5.298000
4.420000
4.066000
4.743000
5.311000
5.021000
4.846000
4.942000
5.137000
4.693000
5.126000
4.891000
5.491000
5.228000
4.870000
4.805000
4.898000
5.598000
4.768000
6.000000
4.721000
5.279000
5.115000
5.388000
5.240000
4.939000
4.995000
5.031000
5.160000
5.081000
5.032000
5.615000
5.646000
4.859000
5.594000
4.501000
4.868000
4.884000
4.913000
5.163000
4.915000
5.083000
4.783000
4.649000
5.310000
5.092000
4.800000
4.623000
5.461000
5.376000
5.396000
4.845000
4.430000
5.377000
4.698000
5.241000
5.453000
4.935000
4.840000
4.824000
5.005000
5.273000
4.668000
5.167000
4.233000
5.180000
5.212000
4.912000
5.116000
5.423000
5.690000
4.499000
4.427000
5.442000
4.820000
5.221000
4.852000
5.562000
5.044000
5.136000
5.215000
5.158000
4.970000
4.888000
4.684000
4.828000
4.938000
4.525000
5.089000
5.044000
5.358000
4.273000
4.676000
5.154000
5.063000
4.459000
4.896000
4.896000
5.324000
4.744000
5.218000
4.813000
4.527000
5.578000
4.662000
5.239000
5.268000
4.223000
5.219000
5.502000
4.141000
4.740000
5.397000
4.949000
5.561000
4.000000
4.915000
4.270000
5.189000
4.956000
4.327000
5.101000
4.638000
4.998000
4.784000
4.684000
4.746000
5.954000
4.973000
5.513000
4.584000
5.223000
5.197000
5.384000
5.525000
5.332000
5.326000
5.610000
4.588000
4.554000
4.729000
4.522000
4.679000
5.758000
4.971000
4.862000
4.491000
5.022000
4.947000
4.630000
5.220000
5.709000
4.888000
5.124000
5.371000
4.779000
5.229000
5.199000
4.609000
5.188000
5.703000
5.472000
5.271000
5.035000
4.792000
5.317000
4.730000
5.237000
4.858000
5.145000
4.282000
5.135000
4.490000
5.083000
5.285000
5.008000
4.383000
4.651000
4.739000
4.924000
5.058000
4.513000
4.729000
5.379000
4.007000
5.135000
5.136000
4.702000
4.833000
5.132000
4.076000
5.329000
4.682000
5.286000
4.438000
5.156000
4.998000
4.866000
4.855000
5.115000
4.738000
4.607000
5.017000
4.279000
4.581000
4.337000
4.904000
4.982000
4.704000
4.584000
4.920000
5.783000
5.430000
5.156000
4.776000
5.124000
4.458000
4.944000
4.602000
5.096000
4.949000
5.011000
4.268000
5.090000
4.592000
5.456000
4.674000
4.642000
4.729000
5.180000
4.610000
5.099000
4.847000
4.972000
5.029000
4.913000
4.532000
5.025000
5.610000
5.294000
4.792000
4.861000
4.971000
5.325000
5.530000
5.156000
5.544000
4.749000
