4.363000
4.294000
4.219000
4.199000
4.038000
4.659000
4.721000
4.416000
4.667000
4.602000
4.621000
4.084000
4.086000
4.250000
4.590000
4.315000
4.507000
4.388000
4.372000
4.279000
4.066000
4.329000
4.027000
3.751000
4.451000
4.641000
3.748000
3.941000
4.558000
3.949000
4.288000
4.558000
4.226000
4.388000
4.747000
4.243000
3.971000
4.683000
4.100000
4.219000
4.948000
4.314000
4.821000
4.549000
4.337000
4.111000
4.552000
4.473000
4.182000
4.722000
4.509000
4.466000
4.623000
4.391000
4.957000
4.105000
4.253000
4.102000
4.695000
3.960000
4.706000
4.110000
4.423000
4.166000
4.393000
4.061000
3.942000
4.096000
4.313000
3.704000
4.212000
4.695000
4.371000
4.339000
4.283000
4.360000
4.503000
4.366000
4.497000
4.714000
4.591000
4.407000
4.137000
4.608000
4.273000
4.384000
4.953000
4.162000
4.522000
4.432000
4.466000
3.999000
4.298000
4.552000
4.182000
4.541000
4.402000
4.443000
4.041000
4.316000
4.100000
4.701000
4.522000
4.415000
3.868000
3.676000
4.180000
3.791000
4.125000
4.550000
4.423000
4.436000
4.262000
4.103000
4.303000
4.548000
4.105000
4.462000
4.292000
4.269000
4.572000
4.165000
4.368000
3.990000
4.433000
4.167000
4.068000
4.563000
4.516000
4.083000
4.328000
4.517000
3.999000
4.242000
4.682000
4.172000
4.267000
4.138000
4.469000
4.473000
3.962000
4.635000
4.066000
4.576000
4.073000
4.135000
4.311000
4.519000
4.180000
4.238000
4.012000
4.675000
4.380000
4.280000
4.408000
4.356000
3.802000
4.816000
4.452000
4.457000
3.868000
4.175000
4.929000
4.596000
4.338000
4.479000
3.907000
3.947000
4.376000
4.171000
4.160000
4.323000
4.212000
3.816000
4.375000
3.883000
4.150000
4.162000
4.340000
4.147000
4.406000
4.440000
4.321000
3.689000
4.400000
4.335000
4.289000
3.879000
4.376000
4.362000
4.615000
4.231000
4.196000
4.410000
4.418000
4.238000
4.410000
4.466000
4.100000
4.525000
4.398000
4.052000
4.775000
4.511000
4.573000
4.371000
4.455000
4.472000
4.717000
3.991000
4.763000
4.397000
4.262000
4.006000
4.104000
4.507000
4.664000
4.251000
4.055000
3.984000
4.386000
4.912000
4.499000
5.043000
3.998000
4.234000
4.164000
4.113000
3.955000
4.635000
4.478000
4.805000
4.652000
4.166000
4.593000
3.858000
4.400000
4.453000
3.884000
4.514000
3.966000
4.078000
3.645000
4.420000
4.388000
4.464000
4.413000
4.462000
4.524000
4.544000
4.460000
4.122000
4.029000
4.488000
3.907000
4.080000
4.555000
4.159000
4.572000
3.765000
4.240000
4.312000
4.355000
4.399000
4.005000
4.327000
4.597000
4.118000
4.382000
4.483000
4.166000
4.587000
4.143000
4.323000
3.851000
4.003000
4.336000
4.385000
4.545000
4.697000
4.171000
4.317000
4.664000
4.475000
4.595000
4.040000
4.161000
4.827000
4.581000
4.574000
4.313000
4.730000
4.370000
4.145000
4.276000
3.937000
4.132000
4.298000
4.416000
4.100000
4.642000
5.160000
4.656000
4.714000
4.461000
4.234000
3.988000
3.791000
4.502000
4.516000
5.011000
4.197000
3.868000
4.191000
4.442000
4.364000
3.957000
4.060000
4.226000
4.360000
4.465000
4.010000
4.553000
4.089000
4.499000
4.477000
4.103000
4.024000
4.413000
4.283000
4.300000
3.998000
4.454000
4.134000
4.797000
4.291000
4.335000
4.129000
4.213000
4.373000
4.210000
4.197000
4.025000
4.276000
4.343000
4.147000
4.578000
3.674000
4.412000
4.374000
3.618000
4.239000
4.420000
4.008000
3.890000
4.548000
4.611000
4.141000
4.193000
5.079000
4.276000
4.516000
4.313000
4.091000
4.753000
3.820000
4.167000
4.748000
4.163000
3.665000
4.282000
4.359000
4.113000
4.004000
4.424000
4.229000
4.444000
4.359000
4.406000
4.271000
4.961000
4.522000
4.312000
4.083000
4.302000
4.260000
4.238000
4.357000
3.998000
4.532000
4.033000
4.136000
4.430000
4.122000
4.110000
4.384000
3.969000
4.639000
4.526000
4.300000
4.366000
4.174000
4.316000
4.423000
4.107000
4.658000
4.124000
3.850000
4.699000
4.201000
4.177000
4.350000
4.510000
4.458000
4.451000
4.566000
4.239000
4.662000
4.432000
4.331000
4.077000
4.366000
4.316000
4.761000
4.001000
3.808000
4.430000
4.676000
4.561000
3.761000
4.423000
4.324000
4.451000
4.155000
4.613000
3.781000
4.577000
4.637000
4.330000
4.442000
3.770000
4.258000
4.762000
4.238000
3.970000
4.207000
4.352000
3.557000
4.113000
4.582000
4.648000
4.830000
4.639000
4.706000
4.415000
4.291000
4.130000
4.049000
3.993000
4.551000
4.610000
3.963000
4.891000
4.464000
4.670000
4.896000
4.348000
4.386000
4.487000
3.880000
4.564000
4.304000
3.997000
4.013000
4.214000
4.078000
4.590000
4.522000
3.905000
4.095000
4.493000
3.752000
3.850000
4.551000
4.327000
4.341000
4.162000
3.978000
4.404000
3.508000
4.386000
4.107000
4.084000
4.566000
4.382000
4.937000
4.589000
4.465000
3.873000
4.559000
4.330000
3.659000
4.594000
4.477000
4.485000
4.082000
3.545000
4.189000
4.413000
4.467000
4.336000
4.209000
4.136000
4.216000
4.172000
4.904000
4.406000
3.953000
4.643000
4.228000
4.511000
4.442000
4.489000
4.104000
4.238000
4.324000
4.261000
4.452000
4.138000
4.354000
4.923000
4.133000
4.768000
4.596000
4.017000
4.481000
4.499000
4.437000
4.458000
4.651000
3.886000
4.396000
4.178000
4.501000
3.945000
4.028000
4.206000
3.830000
4.588000
4.316000
4.252000
4.470000
4.497000
4.032000
4.426000
4.497000
4.243000
4.299000
4.135000
4.281000
4.514000
3.993000
4.329000
4.114000
4.366000
4.547000
4.771000
3.788000
4.413000
4.481000
4.027000
4.566000
4.721000
4.260000
3.826000
4.393000
4.526000
4.626000
4.242000
4.478000
4.082000
4.570000
4.212000
4.910000
4.262000
4.176000
3.890000
4.800000
4.565000
4.474000
4.175000
4.243000
4.694000
4.914000
4.799000
4.143000
4.316000
4.507000
4.634000
4.121000
3.979000
4.413000
4.424000
4.560000
4.211000
4.349000
4.116000
4.191000
4.051000
4.576000
4.558000
4.198000
3.995000
4.315000
4.455000
4.523000
4.448000
4.210000
4.297000
3.799000
4.202000
4.369000
4.267000
3.854000
4.179000
4.329000
4.518000
4.402000
5.155000
4.199000
4.256000
4.635000
4.962000
3.917000
4.129000
4.103000
4.474000
4.649000
4.448000
4.117000
4.466000
4.140000
4.463000
4.392000
4.362000
4.508000
4.099000
4.698000
4.394000
4.753000
4.806000
4.421000
4.858000
4.200000
4.041000
4.852000
3.987000
4.393000
4.218000
4.340000
4.338000
4.690000
4.738000
3.918000
4.061000
4.548000
4.413000
4.690000
4.128000
4.347000
3.918000
4.538000
3.881000
4.342000
4.103000
4.421000
4.342000
4.236000
4.441000
4.567000
4.244000
4.894000
4.320000
4.623000
3.440000
4.239000
4.205000
3.809000
4.599000
4.437000
4.782000
4.325000
4.218000
4.355000
4.783000
4.454000
3.913000
4.400000
3.865000
3.840000
4.041000
4.234000
4.203000
4.289000
4.419000
4.139000
4.065000
3.552000
4.194000
4.062000
4.051000
4.478000
4.396000
4.111000
4.926000
4.358000
3.775000
4.100000
4.203000
4.645000
4.679000
4.362000
4.639000
3.936000
4.327000
4.393000
4.046000
4.184000
4.494000
4.287000
4.682000
4.024000
4.290000
4.482000
4.304000
4.656000
4.191000
3.911000
4.319000
4.330000
4.237000
4.490000
4.065000
4.810000
4.722000
4.267000
4.365000
4.048000
4.429000
4.066000
4.128000
4.342000
4.639000
4.392000
4.684000
4.171000
3.972000
4.303000
3.976000
4.018000
4.196000
4.264000
4.476000
4.381000
4.531000
4.345000
4.483000
4.053000
4.804000
4.234000
4.103000
4.208000
4.397000
4.028000
4.162000
3.848000
4.141000
4.024000
4.049000
4.027000
4.643000
4.529000
4.133000
4.830000
4.246000
3.675000
4.762000
4.557000
4.213000
4.818000
4.181000
4.446000
4.590000
4.706000
3.868000
4.355000
3.986000
4.674000
4.262000
3.978000
4.450000
4.180000
4.151000
4.184000
4.287000
3.904000
4.514000
4.032000
4.490000
4.197000
4.410000
4.411000
4.198000
3.859000
4.635000
3.882000
3.745000
4.513000
4.621000
4.310000
4.340000
4.376000
3.802000
4.220000
4.434000
4.534000
4.628000
4.440000
4.398000
4.535000
4.324000
4.604000
4.120000
4.318000
4.349000
4.946000
4.432000
4.070000
4.779000
4.018000
4.504000
3.984000
3.898000
4.807000
4.222000
4.803000
4.014000
4.385000
4.524000
4.671000
3.977000
3.552000
4.051000
4.498000
5.003000
4.397000
4.340000
4.646000
4.518000
4.293000
4.477000
4.342000
4.877000
4.375000
4.396000
4.055000
4.628000
4.230000
4.287000
4.409000
3.739000
4.165000
4.539000
4.339000
4.333000
4.311000
4.665000
4.159000
4.601000
4.271000
4.633000
4.414000
4.322000
3.937000
4.474000
4.554000
4.157000
4.715000
4.180000
3.804000
4.379000
4.132000
4.395000
4.066000
4.529000
4.739000
3.905000
4.134000
4.255000
4.675000
5.036000
4.266000
4.494000
4.024000
4.290000
4.079000
4.836000
4.329000
4.302000
4.504000
4.404000
3.931000
4.667000
4.537000
4.509000
4.471000
4.116000
4.398000
4.773000
4.349000
4.455000
4.676000
5.160000
3.959000
4.733000
4.530000
4.840000
4.009000
4.455000
4.258000
4.165000
4.465000
4.637000
4.316000
4.131000
4.246000
4.183000
4.135000
4.223000
4.010000
4.502000
4.103000
4.290000
4.040000
3.911000
4.532000
3.716000
4.308000
3.891000
4.343000
4.464000
3.947000
4.503000
4.118000
4.318000
4.754000
4.673000
4.565000
4.236000
4.228000
4.616000
4.953000
3.756000
4.032000
4.406000
4.305000
4.076000
4.167000
3.915000
4.173000
4.259000
3.676000
4.027000
4.469000
3.768000
3.974000
3.937000
4.876000
4.280000
4.608000
4.474000
3.857000
4.127000
4.349000
4.674000
4.189000
4.471000
4.453000
4.159000
4.235000
4.890000
4.159000
4.298000
4.379000
4.932000
4.259000
3.991000
3.996000
4.201000
4.506000
4.241000
4.388000
4.325000
4.481000
4.239000
4.913000
4.039000
4.071000
4.474000
4.664000
4.211000
4.084000
4.311000
4.351000
4.299000
4.181000
4.101000
4.443000
4.541000
4.101000
4.282000
5.083000
4.063000
4.149000
3.993000
4.662000
4.382000
4.606000
4.633000
4.045000
4.348000
4.466000
4.562000
3.901000
4.835000
4.364000
4.193000
4.466000
4.272000
4.145000
4.426000
3.979000
4.409000
4.783000
4.069000
4.937000
4.071000
4.494000
3.914000
3.987000
4.402000
4.285000
4.670000
4.667000
4.476000
4.082000
4.200000
3.829000
4.486000
4.639000
4.568000
4.271000
4.376000
4.165000
4.485000
4.435000
3.989000
4.573000
4.261000
3.837000
4.374000
4.146000
4.815000
4.568000
4.064000
4.144000
3.993000
4.212000
4.412000
3.828000
4.695000
4.063000
3.440000
4.388000
3.996000
4.157000
3.945000
4.563000
4.375000
4.503000
4.506000
4.107000
4.124000
3.994000
4.089000
4.097000
4.476000
4.830000
4.403000
4.083000
4.282000
4.002000
3.806000
4.246000
4.566000
4.573000
4.473000
4.192000
4.516000
4.130000
4.191000
4.360000
4.496000
4.569000
4.448000
4.413000
4.919000
4.160000
4.098000
4.544000
3.984000
4.632000
4.028000
4.367000
4.226000
4.268000
4.297000
4.330000
4.300000
4.493000
4.296000
4.201000
4.706000
4.253000
3.948000
3.832000
4.223000
4.083000
4.046000
3.818000
3.963000
4.588000
4.727000
4.306000
4.169000
4.769000
4.021000
4.576000
3.994000
4.090000
4.334000
4.566000
3.957000
3.743000
4.195000
4.256000
4.388000
3.914000
4.428000
4.338000
4.422000
4.157000
3.943000
4.060000
4.574000
4.133000
4.034000
3.784000
4.036000
3.913000
4.355000
4.076000
3.637000
4.514000
3.936000
4.402000
5.003000
4.530000
4.584000
4.347000
3.940000
4.540000
4.014000
4.117000
4.193000
4.100000
4.563000
4.220000
3.945000
3.881000
4.389000
4.060000
4.370000
4.485000
4.163000
3.830000
4.253000
4.448000
4.534000
4.154000
4.327000
4.487000
4.484000
3.962000
4.337000
3.725000
4.478000
4.184000
3.864000
4.678000
4.616000
4.368000
4.277000
4.442000
4.251000
4.265000
4.263000
4.131000
4.497000
4.856000
4.473000
4.287000
4.126000
3.945000
3.921000
4.253000
4.067000
4.483000
4.176000
4.227000
4.138000
4.377000
3.986000
4.282000
4.162000
4.875000
4.100000
4.202000
4.194000
4.529000
4.011000
4.409000
4.068000
4.576000
3.952000
4.752000
4.674000
4.020000
4.592000
4.359000
4.135000
4.500000
4.132000
4.253000
3.880000
3.794000
4.669000
3.625000
4.221000
3.941000
4.230000
4.019000
4.322000
4.231000
4.626000
4.426000
4.517000
3.911000
4.380000
4.524000
4.049000
3.965000
4.289000
4.131000
4.216000
4.582000
4.206000
4.377000
4.376000
4.293000
4.389000
4.689000
4.419000
4.442000
4.441000
4.575000
3.881000
4.310000
4.186000
4.129000
4.642000
4.580000
4.225000
3.914000
3.889000
4.060000
4.129000
4.428000
4.528000
4.624000
4.346000
4.102000
3.989000
4.339000
4.345000
3.723000
4.270000
4.215000
3.985000
3.862000
4.466000
4.328000
4.344000
4.120000
4.575000
4.292000
4.181000
4.247000
4.562000
4.110000
4.295000
4.318000
4.402000
4.103000
4.554000
4.590000
4.634000
4.598000
4.277000
4.209000
4.513000
4.472000
4.291000
3.973000
3.877000
4.039000
4.290000
4.844000
3.954000
4.422000
4.274000
4.584000
4.305000
5.134000
4.165000
4.802000
4.139000
4.074000
3.974000
4.822000
4.464000
4.469000
4.615000
3.869000
3.904000
4.624000
4.421000
3.877000
4.363000
4.203000
4.142000
4.011000
3.753000
4.479000
4.226000
4.008000
4.336000
4.574000
4.677000
4.090000
4.520000
4.286000
3.975000
4.313000
4.309000
4.290000
3.918000
4.498000
4.469000
3.900000
4.279000
3.730000
3.440000
4.227000
4.674000
4.753000
4.768000
4.871000
4.344000
4.113000
3.477000
4.040000
3.683000
4.244000
4.430000
4.230000
3.971000
4.039000
4.349000
4.640000
4.653000
4.102000
4.111000
4.221000
4.555000
4.234000
4.277000
4.610000
4.586000
4.079000
4.082000
4.022000
4.311000
4.050000
3.757000
3.949000
4.750000
4.025000
3.935000
4.559000
4.468000
4.165000
4.060000
5.160000
3.793000
4.524000
4.641000
3.918000
4.336000
4.281000
4.388000
3.997000
4.670000
4.631000
4.692000
4.934000
4.213000
4.318000
4.572000
4.165000
4.069000
4.245000
4.222000
4.898000
4.015000
4.445000
4.139000
4.741000
4.301000
4.342000
4.086000
4.685000
4.574000
4.506000
4.148000
4.707000
4.929000
4.353000
4.311000
4.608000
4.303000
4.946000
4.102000
4.577000
4.515000
3.970000
3.823000
4.269000
4.200000
4.208000
5.087000
3.967000
3.644000
3.970000
4.595000
4.196000
4.014000
4.257000
4.189000
4.340000
4.175000
4.283000
3.784000
4.239000
4.171000
4.597000
4.527000
4.226000
4.405000
4.088000
4.182000
4.686000
4.318000
4.217000
3.942000
4.009000
4.437000
4.802000
4.562000
4.353000
4.579000
4.203000
4.246000
4.102000
3.930000
4.203000
4.697000
4.644000
4.407000
4.153000
4.335000
4.311000
4.851000
4.662000
4.703000
4.414000
4.269000
4.208000
4.248000
3.867000
4.477000
3.524000
4.007000
3.749000
4.643000
4.170000
4.727000
4.894000
4.351000
3.715000
3.994000
4.209000
3.764000
4.144000
4.058000
4.026000
4.244000
4.531000
4.763000
4.341000
4.461000
4.310000
4.666000
4.100000
4.194000
4.221000
4.501000
5.099000
4.111000
4.201000
3.895000
3.871000
4.057000
4.664000
3.983000
4.025000
5.057000
3.808000
3.930000
4.146000
4.791000
4.072000
4.565000
4.179000
4.139000
4.007000
3.908000
3.974000
4.460000
4.216000
4.352000
4.539000
4.560000
4.472000
4.729000
4.395000
4.641000
4.294000
4.526000
4.609000
3.633000
4.123000
4.379000
4.378000
4.146000
4.614000
4.327000
3.887000
4.231000
4.211000
4.734000
3.905000
3.923000
4.565000
4.339000
4.397000
4.339000
4.272000
4.345000
4.099000
4.281000
4.037000
4.612000
4.938000
4.065000
3.945000
3.865000
4.191000
4.582000
4.414000
4.454000
4.662000
4.533000
4.002000
4.385000
4.992000
4.621000
4.237000
4.226000
3.708000
4.301000
4.543000
3.790000
4.362000
4.445000
4.394000
4.137000
4.462000
4.181000
4.353000
3.955000
4.194000
4.354000
4.682000
4.090000
4.697000
4.228000
4.689000
3.954000
3.890000
4.088000
3.999000
4.201000
4.069000
4.547000
4.339000
4.384000
3.825000
4.011000
4.019000
4.526000
4.391000
4.040000
4.393000
4.470000
4.731000
4.546000
4.465000
3.930000
4.526000
4.362000
4.389000
4.075000
4.236000
4.426000
4.296000
4.664000
4.651000
4.495000
4.367000
4.507000
4.228000
4.524000
4.174000
4.391000
4.300000
4.145000
4.069000
4.225000
4.121000
4.019000
4.347000
4.232000
4.213000
3.926000
4.286000
4.475000
4.645000
4.331000
4.797000
4.230000
4.317000
4.392000
4.122000
4.034000
4.251000
4.894000
4.333000
4.404000
4.252000
4.373000
4.297000
4.017000
4.338000
4.659000
4.295000
4.542000
4.628000
3.965000
4.481000
4.351000
3.842000
3.987000
4.731000
4.060000
3.798000
4.192000
3.999000
3.949000
4.491000
4.372000
4.127000
4.491000
4.146000
4.110000
3.913000
4.429000
4.688000
4.302000
4.657000
4.353000
4.108000
3.973000
4.525000
4.546000
4.582000
3.939000
4.389000
3.949000
4.026000
4.710000
4.106000
4.015000
3.846000
4.526000
4.992000
4.128000
4.561000
3.916000
4.154000
4.095000
3.874000
5.045000
4.061000
3.764000
4.650000
3.990000
3.826000
4.385000
4.135000
4.113000
4.402000
4.217000
4.206000
4.129000
3.827000
4.486000
3.993000
4.062000
4.095000
5.160000
4.350000
4.205000
4.479000
4.144000
4.177000
4.768000
4.711000
3.993000
4.445000
4.593000
4.036000
3.885000
3.963000
3.867000
4.402000
4.466000
4.351000
4.240000
4.308000
4.014000
4.553000
4.346000
4.115000
4.630000
4.330000
4.216000
4.528000
4.004000
4.450000
4.256000
4.112000
4.221000
4.099000
4.370000
4.670000
4.804000
4.696000
5.045000
4.428000
4.302000
4.373000
4.797000
4.418000
3.910000
4.715000
4.175000
4.535000
4.218000
4.440000
4.374000
4.119000
4.496000
4.310000
4.550000
4.829000
4.325000
4.264000
4.126000
4.369000
4.107000
3.980000
3.918000
4.303000
4.270000
4.065000
4.363000
3.725000
4.319000
3.779000
4.282000
3.918000
4.030000
4.628000
4.495000
4.297000
4.071000
4.508000
4.456000
4.655000
4.852000
4.333000
4.776000
3.447000
4.266000
4.380000
3.909000
4.100000
4.543000
4.213000
4.185000
4.325000
4.764000
4.044000
4.314000
4.415000
4.053000
4.519000
4.309000
4.995000
4.081000
4.136000
4.099000
4.079000
4.134000
4.106000
4.387000
4.324000
4.413000
4.350000
4.376000
4.100000
4.210000
4.512000
4.307000
4.073000
3.974000
4.264000
4.678000
4.709000
4.124000
3.770000
4.509000
4.480000
4.318000
4.656000
4.342000
4.602000
4.197000
3.997000
4.235000
4.053000
4.546000
4.887000
4.287000
4.492000
5.139000
4.375000
4.184000
4.743000
4.519000
4.592000
4.197000
4.484000
4.372000
4.241000
3.828000
3.920000
4.345000
3.988000
3.962000
4.086000
4.055000
3.991000
4.263000
4.823000
4.359000
4.759000
4.463000
3.964000
3.754000
4.552000
5.117000
3.735000
4.157000
4.421000
4.694000
4.165000
4.207000
3.847000
4.202000
3.779000
4.251000
5.160000
4.278000
4.121000
4.412000
4.367000
4.646000
4.634000
4.524000
3.972000
4.268000
4.089000
4.366000
4.215000
4.204000
4.254000
4.878000
4.663000
4.868000
4.575000
4.246000
3.843000
3.910000
4.605000
4.471000
4.117000
4.098000
4.005000
4.314000
4.071000
4.310000
4.204000
4.744000
3.630000
4.125000
3.835000
3.791000
4.310000
4.369000
4.395000
4.755000
4.019000
4.526000
4.262000
4.545000
4.313000
4.817000
4.377000
4.234000
4.215000
4.404000
4.066000
4.568000
4.271000
4.352000
4.485000
4.427000
4.526000
4.387000
4.168000
4.479000
4.415000
4.366000
4.371000
4.472000
4.572000
4.158000
4.204000
3.989000
4.628000
4.191000
4.354000
4.093000
3.896000
3.775000
4.519000
3.770000
3.838000
4.682000
3.804000
4.526000
3.750000
4.340000
4.202000
4.581000
3.904000
4.134000
4.607000
4.439000
4.856000
4.246000
4.492000
4.127000
4.441000
3.901000
4.622000
4.549000
4.201000
4.532000
4.220000
4.473000
4.661000
4.270000
3.973000
4.484000
4.613000
4.359000
4.310000
4.556000
3.849000
3.945000
3.832000
4.255000
5.021000
4.145000
4.115000
4.723000
4.089000
4.868000
4.592000
4.505000
4.489000
4.214000
4.295000
4.424000
4.254000
4.324000
4.280000
4.700000
4.594000
4.014000
4.491000
4.834000
4.069000
4.362000
4.524000
4.445000
4.344000
4.268000
4.280000
3.499000
4.148000
3.831000
3.976000
4.687000
4.157000
4.456000
4.401000
4.223000
4.119000
4.496000
4.025000
4.273000
4.660000
4.317000
4.440000
4.600000
4.285000
3.873000
3.984000
4.374000
4.062000
4.483000
4.253000
4.615000
4.312000
4.470000
4.059000
4.423000
4.093000
4.518000
4.288000
4.444000
4.513000
4.006000
4.397000
4.110000
4.159000
4.465000
4.167000
3.798000
4.405000
4.282000
4.192000
3.893000
4.701000
4.649000
4.819000
4.323000
4.634000
4.677000
3.921000
4.303000
4.309000
4.114000
4.867000
4.137000
4.310000
4.612000
4.841000
4.001000
4.513000
3.854000
4.472000
4.115000
4.382000
4.654000
3.637000
4.610000
4.305000
3.957000
4.173000
4.188000
3.949000
4.110000
4.215000
3.711000
4.059000
4.690000
4.103000
4.283000
3.757000
3.991000
4.341000
4.463000
3.840000
5.160000
4.287000
4.288000
4.281000
4.677000
4.647000
4.196000
4.280000
3.892000
4.107000
4.105000
4.457000
4.079000
4.224000
4.014000
4.565000
4.457000
4.569000
3.815000
4.112000
4.364000
4.723000
4.215000
4.185000
3.959000
3.982000
4.227000
4.484000
3.935000
4.529000
4.260000
4.615000
4.115000
4.032000
4.323000
4.263000
4.183000
4.430000
4.086000
4.314000
4.743000
3.949000
3.983000
4.493000
4.735000
4.278000
4.311000
4.330000
4.257000
4.186000
4.245000
4.839000
4.790000
4.498000
4.688000
4.336000
4.548000
4.302000
4.464000
4.443000
4.179000
4.207000
4.777000
4.771000
4.618000
4.217000
4.055000
4.458000
4.422000
3.690000
4.169000
4.369000
4.409000
4.089000
4.197000
4.454000
4.388000
4.485000
3.780000
4.142000
4.400000
4.169000
4.216000
4.515000
3.977000
4.410000
4.138000
4.309000
4.040000
4.123000
4.371000
3.842000
3.993000
4.503000
3.813000
4.123000
4.261000
4.135000
4.219000
4.292000
4.411000
4.718000
4.457000
4.403000
3.997000
4.311000
4.124000
4.365000
4.639000
3.974000
4.557000
4.105000
4.056000
4.310000
3.528000
4.338000
4.161000
4.359000
4.704000
4.670000
4.742000
4.541000
4.498000
4.248000
4.054000
4.229000
3.970000
4.023000
4.535000
4.561000
4.185000
4.331000
4.535000
4.055000
3.899000
4.757000
4.688000
3.761000
4.000000
3.835000
4.272000
4.115000
4.162000
3.678000
4.255000
4.047000
3.818000
4.393000
4.513000
4.313000
4.092000
4.616000
3.928000
4.256000
4.416000
4.477000
4.232000
4.317000
4.706000
4.292000
4.168000
3.860000
4.176000
4.142000
4.153000
4.468000
4.554000
4.560000
4.495000
3.824000
4.759000
4.334000
4.517000
4.120000
4.344000
4.433000
3.681000
4.597000
4.359000
4.183000
3.914000
3.898000
3.971000
4.477000
4.083000
4.556000
4.548000
4.453000
4.021000
4.335000
3.951000
4.571000
4.729000
3.470000
4.097000
3.894000
4.618000
4.562000
4.483000
4.500000
4.673000
4.250000
4.493000
4.151000
4.268000
4.813000
4.444000
4.161000
4.382000
4.936000
4.307000
4.352000
4.540000
4.406000
4.383000
4.065000
4.518000
4.088000
4.260000
4.303000
3.769000
4.304000
4.306000
3.994000
4.503000
4.026000
4.571000
4.399000
4.063000
4.502000
3.852000
4.078000
4.391000
3.980000
4.599000
3.805000
4.389000
4.269000
4.334000
4.177000
4.708000
4.183000
4.701000
4.108000
4.310000
4.913000
4.291000
3.729000
4.524000
4.521000
4.185000
4.192000
4.082000
4.145000
3.914000
4.102000
4.079000
4.436000
4.457000
4.551000
4.409000
4.236000
4.139000
4.278000
4.060000
4.007000
5.068000
4.307000
4.218000
4.151000
4.373000
4.165000
4.231000
4.413000
4.671000
4.133000
3.700000
4.145000
4.057000
3.746000
4.364000
4.607000
4.169000
4.100000
3.807000
4.214000
4.752000
4.602000
4.214000
4.370000
4.202000
4.079000
3.780000
4.648000
4.437000
4.693000
4.176000
4.015000
3.959000
4.419000
4.864000
4.585000
4.511000
4.255000
4.488000
4.147000
4.320000
4.194000
4.396000
4.284000
4.145000
4.341000
4.186000
4.505000
4.584000
4.378000
4.386000
4.592000
4.006000
4.192000
3.936000
4.682000
3.750000
4.323000
4.394000
4.760000
4.390000
4.263000
4.596000
4.196000
3.827000
4.445000
4.085000
4.474000
3.918000
4.697000
3.969000
4.258000
4.931000
4.172000
3.957000
4.029000
4.471000
4.508000
4.462000
4.198000
4.334000
4.472000
3.889000
4.300000
4.318000
4.411000
4.388000
3.701000
4.120000
4.729000
4.894000
4.240000
4.103000
4.201000
4.396000
3.868000
4.842000
4.325000
4.031000
4.596000
4.406000
4.236000
4.545000
4.489000
3.543000
4.103000
4.485000
4.406000
4.501000
4.360000
4.404000
4.351000
4.919000
4.064000
4.019000
4.639000
4.685000
4.846000
4.337000
4.615000
3.857000
4.304000
4.671000
4.486000
4.299000
4.475000
3.774000
3.892000
4.189000
4.173000
4.187000
5.052000
4.293000
4.530000
4.293000
3.712000
4.273000
4.424000
4.372000
3.800000
4.319000
4.141000
3.637000
4.202000
4.498000
4.121000
3.980000
4.200000
4.611000
4.361000
4.260000
4.451000
4.299000
4.517000
4.111000
4.175000
4.187000
4.519000
4.649000
4.243000
4.150000
4.104000
4.130000
4.296000
4.495000
4.385000
4.838000
3.989000
4.187000
3.950000
4.184000
4.526000
4.357000
4.242000
4.930000
4.679000
4.255000
3.957000
4.452000
4.272000
4.619000
4.114000
3.947000
4.469000
4.295000
4.402000
4.614000
4.541000
4.252000
4.241000
4.409000
4.146000
4.264000
4.264000
4.475000
4.256000
4.160000
4.383000
4.299000
4.529000
4.381000
5.012000
4.420000
4.445000
4.587000
4.642000
4.284000
4.391000
4.332000
4.150000
4.367000
4.497000
3.992000
4.224000
4.233000
3.921000
4.604000
3.775000
4.009000
4.436000
4.432000
4.185000
4.859000
4.568000
4.876000
4.393000
4.892000
3.806000
4.386000
3.993000
4.819000
4.240000
4.122000
4.075000
4.124000
4.242000
4.555000
4.269000
4.468000
4.312000
4.141000
4.196000
3.861000
4.442000
4.301000
4.784000
4.458000
4.439000
3.817000
4.435000
4.056000
4.727000
4.186000
4.194000
4.479000
4.140000
4.164000
4.403000
4.693000
4.589000
3.981000
4.333000
4.306000
4.409000
4.856000
4.217000
4.245000
4.376000
4.053000
4.122000
4.552000
4.073000
4.984000
4.725000
4.416000
4.353000
4.008000
4.580000
4.536000
3.994000
4.182000
3.762000
4.625000
4.418000
4.916000
4.494000
4.360000
5.009000
4.478000
4.291000
3.537000
4.071000
4.779000
4.520000
4.254000
4.172000
4.361000
4.434000
4.311000
4.379000
4.715000
3.923000
4.295000
4.118000
3.953000
4.631000
3.870000
4.004000
4.612000
3.853000
4.099000
4.337000
4.473000
4.593000
4.429000
4.389000
4.616000
4.330000
4.220000
4.155000
4.261000
4.896000
4.070000
4.265000
3.970000
4.334000
4.356000
4.432000
4.213000
4.210000
4.280000
4.013000
4.902000
4.939000
4.068000
5.160000
4.148000
4.376000
4.719000
4.025000
4.168000
4.193000
4.341000
4.194000
4.194000
4.623000
4.254000
4.236000
4.283000
4.770000
4.421000
4.308000
4.468000
4.381000
4.309000
4.168000
4.631000
4.188000
4.108000
3.990000
4.811000
4.257000
4.420000
4.309000
4.029000
4.862000
4.484000
4.040000
4.406000
4.359000
4.096000
4.074000
3.978000
3.991000
4.385000
4.011000
4.724000
4.817000
4.872000
4.520000
4.336000
4.355000
4.100000
4.652000
4.417000
3.752000
4.122000
3.890000
4.536000
3.856000
3.957000
3.992000
4.526000
4.349000
4.011000
3.440000
3.947000
4.549000
4.223000
3.768000
3.891000
4.229000
4.264000
4.677000
4.691000
4.070000
4.140000
3.937000
4.498000
4.133000
4.091000
4.409000
3.851000
4.309000
4.438000
4.153000
4.166000
4.443000
4.543000
3.903000
4.315000
4.549000
4.517000
4.243000
4.392000
4.572000
3.933000
3.440000
4.433000
4.130000
3.658000
4.503000
4.508000
4.411000
3.930000
4.463000
4.122000
3.935000
4.190000
4.264000
4.154000
3.973000
4.514000
4.689000
4.771000
4.335000
4.046000
4.416000
4.331000
4.576000
3.965000
4.449000
4.487000
4.419000
4.366000
4.486000
3.927000
4.417000
4.409000
4.462000
4.212000
4.469000
4.483000
4.616000
4.077000
4.484000
3.730000
4.442000
4.431000
4.670000
4.218000
4.161000
3.796000
4.605000
4.227000
4.004000
4.435000
4.243000
4.759000
4.423000
3.794000
4.857000
4.047000
3.981000
4.096000
4.576000
4.183000
4.500000
4.502000
3.824000
3.816000
4.784000
4.098000
4.654000
4.355000
4.260000
4.427000
4.283000
4.251000
3.811000
4.476000
4.409000
3.876000
4.435000
4.372000
4.909000
4.159000
4.541000
4.515000
4.424000
4.655000
4.882000
3.938000
4.290000
4.117000
4.094000
4.054000
4.390000
4.064000
4.335000
4.089000
4.624000
4.249000
4.758000
4.995000
3.906000
4.510000
4.268000
4.266000
3.999000
4.138000
4.012000
4.098000
4.852000
3.938000
4.239000
4.189000
4.294000
4.266000
4.309000
4.373000
4.552000
3.440000
4.022000
3.853000
4.232000
4.105000
4.134000
4.386000
4.036000
4.214000
3.912000
4.454000
4.164000
3.885000
4.567000
3.559000
3.738000
3.952000
4.138000
3.798000
4.538000
4.405000
4.318000
3.965000
4.347000
4.207000
4.936000
3.819000
4.025000
4.000000
4.181000
4.186000
4.051000
4.380000
4.491000
4.652000
4.402000
3.976000
3.451000
4.314000
4.541000
4.151000
4.325000
4.389000
4.402000
4.193000
4.235000
4.806000
3.844000
4.161000
4.246000
4.375000
4.797000
4.377000
4.321000
4.632000
4.289000
4.314000
4.684000
4.324000
4.647000
4.271000
4.365000
4.790000
4.249000
4.225000
4.178000
4.143000
4.334000
4.204000
4.637000
4.631000
4.496000
4.431000
3.971000
3.816000
4.506000
4.674000
4.296000
4.604000
4.513000
4.045000
4.749000
4.252000
4.974000
4.259000
4.527000
4.356000
4.285000
4.555000
4.108000
4.149000
4.560000
4.767000
4.280000
4.267000
4.343000
4.147000
4.671000
4.234000
3.823000
4.262000
4.432000
3.836000
4.492000
4.249000
4.944000
3.887000
4.567000
4.496000
4.190000
4.051000
4.164000
4.371000
4.150000
4.408000
4.484000
4.256000
4.070000
4.469000
3.856000
4.384000
4.550000
4.482000
3.971000
3.440000
4.096000
4.440000
4.419000
4.582000
4.303000
4.004000
4.541000
4.468000
4.483000
5.004000
4.556000
4.498000
4.155000
4.834000
4.051000
4.187000
3.728000
4.085000
3.975000
4.757000
4.485000
4.391000
4.475000
4.201000
4.457000
3.853000
4.351000
4.454000
4.404000
4.256000
4.523000
4.783000
4.234000
4.096000
4.183000
4.349000
4.274000
4.235000
3.961000
4.575000
4.279000
3.794000
3.888000
4.606000
4.614000
3.741000
4.313000
4.513000
4.168000
4.262000
4.524000
4.662000
4.073000
4.564000
4.503000
4.515000
3.890000
4.407000
4.438000
4.293000
4.313000
4.153000
3.907000
4.078000
4.665000
4.509000
4.093000
4.194000
4.291000
4.310000
4.197000
4.956000
4.188000
4.047000
3.896000
3.686000
3.722000
4.316000
4.594000
4.176000
4.352000
4.345000
4.244000
4.124000
4.002000
4.547000
4.712000
4.393000
4.165000
4.541000
4.946000
4.649000
4.854000
4.480000
4.084000
4.091000
4.127000
3.649000
4.354000
4.164000
4.404000
3.893000
4.743000
3.882000
4.729000
4.795000
4.071000
4.247000
4.179000
4.085000
4.112000
3.703000
4.205000
4.170000
4.519000
4.263000
4.434000
4.115000
4.441000
4.019000
4.800000
4.356000
3.850000
4.330000
4.757000
4.439000
4.243000
4.045000
4.346000
4.132000
4.712000
4.199000
3.955000
4.403000
4.368000
4.792000
3.798000
4.087000
4.665000
4.402000
3.647000
3.791000
4.586000
4.432000
3.653000
4.432000
4.494000
4.424000
4.240000
4.337000
4.415000
4.423000
4.100000
4.354000
4.358000
4.477000
4.150000
3.726000
4.469000
4.236000
4.669000
4.403000
4.151000
4.237000
4.604000
4.279000
3.867000
3.791000
4.311000
4.401000
4.652000
4.431000
4.189000
4.431000
4.053000
4.720000
4.299000
4.377000
3.819000
4.741000
4.130000
4.892000
4.643000
4.358000
4.225000
4.284000
3.955000
4.855000
4.320000
4.214000
3.911000
4.871000
4.441000
4.832000
3.762000
4.125000
4.077000
4.369000
4.524000
4.679000
4.152000
4.165000
4.082000
4.420000
4.256000
4.464000
3.684000
4.210000
3.809000
4.387000
5.160000
4.006000
4.921000
3.945000
4.482000
4.253000
4.316000
4.347000
4.966000
4.132000
4.294000
4.278000
4.149000
4.123000
4.184000
4.093000
4.523000
4.327000
4.134000
3.773000
4.207000
4.234000
4.409000
4.450000
3.747000
4.293000
3.660000
4.298000
4.044000
4.085000
4.494000
4.177000
4.418000
3.647000
4.541000
4.501000
3.929000
4.656000
4.331000
4.358000
3.702000
4.424000
3.692000
4.129000
4.345000
4.454000
4.630000
3.907000
4.423000
4.384000
3.886000
4.801000
3.876000
4.430000
4.211000
4.139000
4.128000
4.055000
4.339000
4.232000
4.931000
4.184000
3.843000
4.316000
4.125000
4.135000
4.278000
4.583000
4.204000
4.496000
4.237000
4.230000
4.302000
4.735000
4.747000
4.605000
4.529000
4.402000
4.059000
4.392000
4.333000
5.086000
4.855000
4.471000
4.073000
3.951000
4.413000
3.970000
4.375000
4.386000
4.145000
4.495000
4.048000
3.982000
4.322000
3.923000
4.516000
4.384000
4.322000
4.041000
3.830000
3.978000
4.127000
4.184000
4.285000
4.386000
4.145000
3.823000
3.891000
3.903000
4.075000
4.558000
4.253000
4.308000
4.550000
4.422000
4.409000
4.215000
4.662000
3.941000
4.470000
4.232000
4.119000
4.102000
4.459000
4.044000
3.766000
4.371000
4.372000
4.185000
4.444000
4.383000
4.232000
4.405000
4.215000
3.953000
4.332000
4.213000
4.540000
4.179000
4.222000
4.673000
4.417000
4.741000
4.357000
4.633000
4.098000
4.653000
4.120000
4.676000
4.901000
4.392000
4.517000
4.516000
5.160000
4.179000
4.150000
4.582000
4.348000
3.913000
4.306000
4.477000
4.808000
4.322000
4.165000
4.412000
4.282000
4.352000
4.497000
3.910000
4.276000
3.895000
3.897000
4.265000
4.072000
4.199000
4.404000
4.231000
4.516000
4.248000
4.222000
4.339000
4.671000
4.245000
4.395000
4.164000
3.813000
4.525000
4.408000
4.168000
4.529000
4.400000
4.465000
4.471000
4.207000
4.593000
3.928000
4.025000
4.359000
4.592000
3.928000
4.171000
4.408000
4.062000
4.388000
4.441000
4.501000
4.478000
4.268000
4.140000
4.684000
4.718000
4.594000
4.159000
3.924000
4.492000
4.863000
4.336000
4.784000
4.364000
4.229000
4.836000
3.597000
4.341000
4.549000
4.299000
4.110000
3.758000
3.903000
4.330000
3.638000
4.250000
4.120000
4.073000
4.111000
4.511000
4.193000
4.478000
4.520000
4.095000
4.503000
4.321000
4.382000
4.338000
4.386000
4.430000
4.382000
3.894000
4.021000
4.705000
4.759000
3.923000
4.587000
4.252000
4.584000
4.035000
3.888000
3.846000
4.099000
3.716000
4.511000
4.183000
4.143000
3.963000
4.357000
4.767000
3.956000
4.185000
4.167000
4.443000
4.130000
4.428000
4.479000
4.563000
4.009000
4.633000
4.188000
4.331000
4.151000
4.607000
3.868000
4.498000
4.512000
4.615000
4.617000
4.549000
3.992000
4.449000
4.511000
3.778000
4.631000
4.623000
4.704000
4.113000
4.574000
3.984000
4.361000
4.156000
3.838000
4.246000
3.863000
4.132000
4.127000
4.361000
4.436000
4.131000
4.229000
4.485000
4.180000
4.531000
4.577000
4.338000
4.595000
3.885000
4.499000
4.509000
4.593000
4.676000
4.324000
4.342000
4.050000
3.851000
4.208000
4.405000
3.800000
4.159000
4.454000
4.539000
3.980000
4.426000
4.648000
4.431000
4.473000
4.648000
4.877000
4.225000
4.278000
4.367000
4.329000
3.440000
4.386000
4.291000
3.584000
4.123000
4.418000
4.303000
4.104000
4.559000
4.397000
4.205000
4.332000
4.271000
4.844000
4.288000
4.597000
4.521000
4.362000
4.111000
4.498000
4.507000
4.326000
4.899000
4.745000
4.289000
3.599000
3.975000
3.859000
4.420000
4.050000
3.988000
4.650000
4.692000
4.105000
4.389000
4.341000
4.269000
4.079000
4.686000
4.522000
4.226000
4.409000
3.956000
4.133000
4.442000
4.337000
4.073000
3.766000
4.902000
4.611000
4.748000
4.856000
4.443000
4.263000
4.516000
4.150000
4.138000
4.177000
4.297000
3.823000
4.720000
4.806000
4.488000
4.323000
4.297000
4.360000
4.180000
3.877000
4.893000
4.356000
4.192000
4.419000
4.183000
4.011000
4.565000
4.521000
4.466000
4.245000
4.812000
3.856000
4.587000
4.332000
4.320000
4.085000
4.211000
4.771000
4.174000
4.358000
4.831000
4.280000
4.117000
3.933000
3.951000
4.185000
4.322000
4.192000
4.391000
3.817000
4.414000
4.247000
4.785000
4.464000
4.456000
4.221000
4.125000
4.037000
4.017000
4.663000
4.618000
4.002000
4.537000
4.294000
3.906000
4.234000
3.941000
4.562000
4.073000
4.328000
3.557000
3.916000
4.058000
3.937000
4.688000
4.577000
4.311000
3.660000
4.413000
4.295000
4.468000
4.434000
4.504000
4.716000
4.524000
4.183000
4.182000
4.195000
4.367000
4.691000
4.133000
4.262000
3.930000
4.542000
4.155000
4.302000
4.605000
4.517000
4.169000
4.676000
4.143000
4.605000
4.348000
4.478000
4.115000
4.261000
4.206000
4.493000
3.924000
4.610000
4.027000
4.301000
4.748000
3.651000
4.123000
4.114000
4.407000
4.016000
4.249000
3.793000
3.873000
4.145000
4.181000
4.218000
4.554000
4.313000
4.051000
4.226000
3.913000
4.308000
4.040000
4.634000
4.286000
3.756000
4.438000
3.996000
4.243000
4.379000
4.229000
3.964000
4.348000
4.056000
4.536000
4.443000
3.804000
4.023000
4.171000
4.280000
4.593000
4.703000
4.201000
4.219000
4.066000
4.239000
4.381000
4.658000
4.389000
4.398000
4.047000
3.989000
3.886000
4.085000
4.597000
4.061000
3.491000
4.510000
4.470000
4.344000
4.242000
4.099000
4.112000
4.301000
4.671000
4.131000
4.101000
4.565000
4.730000
4.014000
4.199000
4.108000
4.709000
4.516000
4.462000
4.257000
4.034000
4.314000
3.993000
4.465000
4.372000
4.331000
3.998000
4.603000
4.197000
4.013000
4.164000
4.705000
4.148000
3.888000
4.194000
4.565000
5.063000
4.294000
4.244000
4.117000
4.383000
4.088000
4.006000
4.210000
4.410000
4.522000
3.973000
4.397000
4.416000
4.061000
4.766000
4.312000
4.348000
4.322000
4.373000
4.445000
4.459000
3.830000
3.927000
4.192000
3.975000
4.901000
4.010000
4.618000
3.833000
4.097000
4.658000
4.491000
4.124000
4.182000
5.160000
4.007000
4.220000
3.639000
4.149000
4.677000
4.205000
4.132000
4.210000
4.043000
4.434000
4.008000
4.294000
4.107000
4.363000
3.918000
4.108000
4.469000
4.378000
3.440000
3.881000
4.624000
4.045000
4.556000
4.229000
3.983000
4.341000
4.467000
4.639000
4.068000
4.694000
4.419000
3.834000
4.264000
4.285000
4.257000
4.086000
4.274000
4.418000
4.268000
4.256000
3.994000
4.249000
4.602000
4.193000
3.983000
4.406000
4.075000
4.495000
3.842000
4.462000
3.876000
3.942000
4.642000
4.336000
4.504000
4.437000
4.044000
4.168000
4.211000
4.348000
4.128000
4.191000
4.233000
4.441000
4.547000
4.066000
4.469000
4.212000
4.215000
3.907000
3.863000
4.351000
4.185000
4.398000
3.782000
4.240000
4.393000
4.301000
4.290000
3.924000
4.658000
3.594000
4.338000
4.529000
4.883000
4.065000
4.132000
4.618000
4.739000
4.393000
4.602000
4.440000
4.565000
4.648000
4.041000
4.158000
4.396000
3.833000
4.309000
4.222000
3.745000
4.270000
3.654000
4.254000
4.119000
4.285000
4.430000
4.050000
4.966000
3.793000
4.017000
4.568000
4.420000
4.895000
4.550000
4.353000
4.111000
4.439000
4.376000
4.465000
3.640000
4.418000
4.464000
3.878000
4.192000
3.846000
4.871000
4.517000
4.649000
4.646000
4.152000
4.395000
4.550000
4.027000
4.026000
4.743000
3.983000
4.563000
4.089000
4.059000
4.629000
4.088000
4.148000
4.483000
4.406000
4.106000
4.300000
4.361000
4.943000
4.003000
4.514000
4.556000
3.963000
4.707000
4.230000
3.906000
4.556000
4.762000
4.216000
4.272000
4.082000
4.194000
4.302000
4.234000
4.294000
4.167000
4.439000
4.099000
4.416000
4.438000
4.517000
4.531000
4.288000
4.720000
4.268000
4.375000
4.623000
4.674000
4.604000
4.378000
3.782000
4.306000
3.760000
3.494000
4.106000
4.415000
4.542000
4.368000
4.105000
4.252000
4.027000
4.478000
4.800000
4.547000
4.158000
4.236000
4.224000
3.592000
4.617000
4.819000
4.070000
4.403000
4.247000
4.512000
4.609000
3.967000
4.137000
3.845000
4.544000
4.122000
4.684000
4.330000
4.708000
4.793000
4.214000
4.424000
4.437000
4.051000
4.614000
4.026000
4.060000
4.149000
4.115000
4.226000
4.420000
4.268000
4.302000
4.001000
4.105000
4.407000
4.464000
4.763000
4.256000
4.268000
4.575000
4.700000
4.399000
4.419000
4.316000
3.948000
4.240000
4.464000
4.329000
4.170000
4.157000
4.057000
3.845000
4.097000
4.334000
3.938000
4.135000
4.095000
4.314000
4.359000
4.176000
4.285000
4.041000
4.498000
4.313000
4.507000
4.404000
4.319000
3.803000
4.439000
4.679000
4.320000
3.784000
4.846000
4.154000
4.300000
4.610000
4.321000
4.251000
4.207000
4.319000
4.179000
4.249000
3.797000
4.288000
4.349000
3.684000
4.614000
4.213000
3.706000
4.430000
4.292000
4.866000
3.749000
4.883000
4.259000
4.060000
4.178000
4.262000
4.616000
4.557000
4.065000
3.999000
5.124000
4.381000
4.319000
4.212000
4.838000
4.622000
4.854000
3.919000
4.178000
4.599000
4.296000
3.818000
3.988000
4.364000
4.805000
3.880000
4.124000
4.273000
4.328000
4.636000
4.371000
3.678000
4.727000
4.315000
4.323000
3.970000
4.246000
4.203000
4.374000
4.263000
4.352000
4.512000
4.433000
4.262000
4.297000
4.620000
4.328000
4.235000
4.147000
4.049000
3.872000
4.776000
3.807000
4.032000
4.137000
4.733000
4.391000
4.245000
4.543000
4.033000
4.512000
5.047000
3.842000
4.943000
4.302000
5.123000
4.757000
4.677000
4.739000
4.211000
4.271000
4.396000
3.951000
4.221000
4.705000
4.017000
3.945000
4.388000
4.287000
4.524000
4.497000
4.074000
4.307000
4.359000
4.338000
4.257000
4.194000
4.946000
4.499000
4.138000
4.062000
4.017000
4.205000
4.000000
4.247000
4.465000
4.029000
4.728000
3.863000
4.651000
3.784000
4.440000
3.907000
4.665000
3.911000
3.690000
4.154000
3.942000
4.627000
4.503000
4.548000
4.274000
4.638000
3.440000
4.308000
4.490000
3.916000
4.279000
4.113000
4.663000
4.486000
4.250000
4.300000
4.779000
4.453000
3.765000
4.734000
3.805000
3.612000
4.101000
4.472000
4.527000
4.475000
4.206000
4.329000
3.642000
4.480000
4.261000
4.480000
4.467000
4.758000
4.075000
3.839000
4.217000
4.407000
3.869000
4.512000
4.213000
4.350000
3.986000
4.374000
4.306000
4.225000
3.662000
4.379000
3.614000
4.146000
3.816000
4.896000
4.453000
4.768000
4.313000
4.426000
4.387000
4.978000
4.171000
4.516000
4.267000
4.431000
5.004000
3.990000
4.657000
3.783000
4.129000
4.514000
4.498000
4.425000
4.021000
4.523000
4.204000
4.378000
4.187000
3.807000
4.434000
4.460000
4.468000
3.957000
3.461000
4.643000
4.478000
4.269000
5.133000
4.413000
4.427000
4.406000
4.299000
4.415000
4.584000
4.504000
4.190000
3.569000
4.441000
4.547000
4.408000
4.435000
4.847000
3.858000
3.882000
4.295000
4.441000
4.290000
4.419000
4.665000
4.664000
4.832000
4.730000
4.097000
4.152000
4.334000
4.491000
4.422000
4.548000
3.488000
3.876000
3.708000
4.551000
4.351000
4.763000
3.898000
4.568000
4.042000
4.763000
4.327000
4.494000
4.070000
4.127000
4.030000
4.234000
4.179000
3.955000
4.403000
4.316000
3.883000
4.403000
4.022000
4.338000
4.261000
4.327000
4.034000
4.459000
4.131000
4.082000
4.043000
4.399000
4.286000
4.371000
4.365000
4.215000
4.006000
4.418000
4.262000
3.967000
4.343000
4.602000
4.240000
4.314000
4.306000
4.393000
4.753000
4.115000
4.145000
4.374000
4.759000
4.281000
4.311000
4.379000
4.454000
4.433000
4.193000
4.039000
3.732000
4.354000
4.855000
4.766000
4.605000
4.209000
4.623000
4.052000
4.323000
4.890000
3.847000
4.398000
4.367000
4.606000
4.491000
4.391000
4.327000
4.178000
4.356000
4.017000
3.914000
4.932000
4.351000
4.381000
4.286000
4.201000
3.844000
4.551000
4.317000
4.552000
4.235000
4.316000
4.063000
4.302000
4.668000
4.728000
4.384000
4.389000
4.226000
4.124000
4.275000
4.077000
4.392000
4.447000
4.301000
4.367000
4.504000
4.862000
4.911000
4.283000
3.993000
4.519000
4.246000
4.457000
4.032000
4.218000
4.260000
4.684000
4.080000
4.520000
4.530000
4.332000
4.234000
4.181000
4.197000
4.406000
4.579000
4.187000
4.210000
3.651000
4.263000
4.105000
3.833000
4.313000
4.389000
4.138000
3.974000
4.344000
4.412000
4.323000
4.266000
4.493000
4.283000
4.457000
4.568000
4.527000
4.179000
4.169000
4.265000
3.867000
4.236000
4.792000
4.418000
5.005000
4.593000
4.335000
3.799000
3.512000
4.354000
4.229000
4.354000
4.304000
4.899000
4.027000
4.434000
5.038000
4.163000
4.305000
4.549000
4.509000
4.036000
4.027000
3.968000
4.526000
4.533000
4.073000
4.187000
4.485000
4.245000
4.252000
4.244000
4.317000
4.910000
4.103000
3.971000
3.888000
4.584000
3.899000
4.164000
4.578000
4.182000
4.833000
4.564000
4.175000
4.070000
4.592000
5.039000
4.222000
4.061000
3.873000
4.105000
4.482000
4.206000
4.026000
3.964000
4.634000
3.513000
4.138000
4.507000
4.109000
4.731000
4.277000
4.266000
4.307000
4.614000
3.711000
3.955000
4.929000
3.798000
4.157000
4.035000
5.029000
4.279000
4.847000
4.239000
4.876000
4.673000
4.546000
4.121000
4.236000
4.357000
4.682000
4.216000
4.247000
3.615000
4.162000
3.903000
4.384000
3.986000
4.347000
4.120000
4.035000
4.434000
4.075000
4.132000
4.426000
3.871000
3.784000
4.005000
4.192000
4.630000
4.043000
4.302000
3.899000
4.392000
3.919000
3.855000
4.468000
4.161000
4.697000
4.148000
4.303000
4.068000
4.633000
4.324000
3.822000
4.080000
4.199000
4.025000
4.009000
4.656000
3.857000
4.347000
4.071000
4.431000
4.368000
4.147000
4.509000
4.264000
4.243000
4.112000
4.155000
4.019000
4.280000
4.403000
3.950000
4.453000
3.938000
4.076000
4.415000
4.546000
4.482000
3.925000
4.173000
3.798000
4.207000
4.265000
4.274000
3.906000
4.463000
3.936000
4.237000
4.854000
4.683000
4.910000
3.938000
4.526000
4.054000
4.544000
4.385000
4.523000
4.089000
4.138000
3.784000
3.730000
4.518000
4.360000
4.397000
3.667000
4.563000
4.548000
4.435000
4.334000
4.317000
4.202000
4.125000
4.598000
4.645000
4.581000
4.570000
4.356000
4.238000
4.494000
4.457000
4.163000
4.501000
4.965000
3.961000
4.069000
4.013000
4.581000
4.445000
4.296000
4.626000
3.963000
4.180000
4.671000
4.349000
4.117000
4.512000
4.596000
4.452000
4.134000
4.329000
4.491000
4.262000
4.287000
4.221000
4.425000
4.086000
4.031000
3.977000
4.393000
4.503000
4.283000
4.389000
4.668000
4.493000
4.251000
4.578000
4.133000
4.419000
4.133000
4.204000
4.306000
4.541000
4.412000
4.591000
4.312000
4.434000
4.729000
4.737000
4.351000
4.667000
4.286000
4.192000
3.964000
4.407000
4.518000
4.251000
3.978000
4.548000
4.479000
4.070000
4.858000
4.392000
4.174000
4.484000
4.512000
4.144000
4.223000
4.081000
4.162000
4.389000
4.385000
4.318000
4.058000
4.245000
4.119000
4.140000
4.114000
4.495000
4.244000
4.005000
4.463000
4.179000
3.894000
4.306000
4.594000
4.713000
4.554000
3.882000
5.160000
4.315000
4.423000
4.107000
4.364000
4.301000
4.122000
4.523000
3.744000
4.579000
4.426000
4.578000
5.060000
4.615000
3.853000
3.808000
4.099000
4.461000
4.170000
4.135000
3.917000
4.402000
4.086000
4.540000
5.013000
4.320000
3.973000
3.804000
4.129000
3.643000
4.296000
4.439000
3.957000
4.305000
4.011000
4.439000
4.300000
4.286000
4.245000
4.299000
4.340000
4.618000
4.191000
3.757000
4.804000
4.183000
3.891000
4.025000
4.092000
4.052000
4.917000
4.006000
5.160000
4.355000
4.453000
4.395000
4.245000
4.029000
4.502000
3.691000
4.423000
4.898000
4.142000
4.629000
3.999000
4.080000
4.282000
3.984000
3.881000
4.381000
4.561000
4.235000
3.994000
5.160000
4.042000
4.128000
4.688000
3.678000
4.776000
3.997000
4.624000
3.929000
4.299000
4.961000
3.940000
4.231000
4.384000
4.488000
4.475000
4.416000
3.991000
4.200000
4.170000
4.383000
4.398000
4.077000
3.937000
4.003000
4.245000
4.014000
4.498000
4.803000
4.115000
4.538000
4.333000
4.120000
4.259000
4.323000
4.193000
3.964000
4.225000
4.328000
4.304000
4.007000
3.746000
3.827000
4.076000
4.147000
4.421000
4.303000
5.055000
4.306000
3.910000
4.212000
4.710000
4.238000
4.382000
4.124000
4.329000
4.368000
4.065000
4.540000
4.133000
4.403000
4.264000
4.009000
4.124000
3.801000
4.594000
4.790000
4.477000
4.693000
3.971000
4.717000
4.414000
4.188000
4.396000
4.579000
4.800000
4.025000
4.684000
4.493000
4.764000
4.101000
4.492000
4.498000
4.628000
4.137000
4.875000
4.538000
4.339000
4.139000
4.769000
4.022000
3.954000
4.808000
4.770000
3.984000
4.673000
4.716000
4.570000
4.339000
4.276000
4.743000
3.817000
4.450000
4.481000
4.455000
4.333000
4.500000
4.472000
4.449000
3.764000
4.294000
4.302000
4.493000
4.467000
3.901000
4.343000
3.945000
4.673000
4.491000
4.633000
4.398000
4.201000
4.292000
4.120000
4.932000
4.661000
3.949000
4.396000
4.787000
4.094000
4.243000
4.242000
4.770000
4.222000
4.298000
3.795000
4.000000
3.896000
4.474000
4.480000
3.754000
3.976000
4.851000
4.105000
4.327000
4.523000
4.702000
4.459000
4.502000
4.135000
4.387000
4.303000
4.136000
4.390000
4.813000
4.947000
4.605000
3.931000
4.331000
4.137000
4.183000
4.196000
4.340000
4.574000
4.110000
4.075000
4.587000
4.226000
3.898000
4.463000
4.524000
4.235000
4.360000
4.004000
4.055000
4.158000
3.959000
4.588000
3.983000
4.570000
4.449000
4.151000
4.135000
4.399000
4.828000
3.831000
4.272000
4.491000
4.345000
4.313000
3.927000
4.122000
4.232000
4.290000
4.538000
4.238000
4.720000
3.951000
3.808000
3.875000
4.634000
4.025000
4.260000
4.459000
4.013000
4.437000
4.284000
4.586000
4.171000
4.588000
3.935000
4.468000
3.760000
4.299000
4.409000
4.057000
4.050000
4.727000
4.444000
4.165000
4.595000
4.377000
4.218000
4.227000
4.406000
4.263000
4.187000
4.205000
4.496000
4.810000
4.967000
4.672000
4.046000
4.289000
4.381000
4.237000
4.428000
4.967000
4.012000
4.166000
4.280000
4.327000
4.505000
4.612000
4.683000
4.512000
4.322000
3.882000
4.460000
4.626000
3.964000
4.284000
4.788000
4.406000
4.017000
4.247000
3.670000
4.259000
4.392000
4.206000
4.280000
4.205000
3.792000
4.117000
4.198000
4.486000
5.070000
4.110000
4.554000
4.259000
4.054000
4.575000
4.318000
4.555000
4.051000
4.282000
3.941000
4.065000
4.074000
4.667000
4.333000
4.396000
4.062000
4.233000
4.580000
4.577000
4.137000
4.401000
4.078000
4.784000
4.339000
4.456000
3.968000
4.221000
4.338000
4.615000
5.070000
4.335000
4.735000
4.151000
4.321000
4.099000
4.502000
3.955000
4.296000
4.452000
4.491000
4.291000
4.498000
3.856000
3.781000
4.707000
3.996000
4.305000
4.092000
4.553000
3.931000
4.317000
4.342000
4.416000
4.450000
4.385000
3.726000
4.444000
4.207000
4.428000
4.122000
4.286000
4.428000
3.992000
4.506000
4.444000
4.043000
4.644000
4.542000
4.168000
3.618000
4.011000
3.973000
4.166000
4.256000
3.995000
4.635000
4.114000
4.475000
4.031000
3.893000
3.638000
3.940000
4.056000
4.159000
4.100000
4.612000
4.122000
4.340000
4.140000
4.166000
3.751000
4.361000
4.354000
3.919000
3.858000
4.287000
4.493000
4.530000
4.608000
4.113000
4.257000
4.179000
4.644000
4.431000
4.385000
4.062000
4.083000
4.259000
4.195000
4.653000
4.387000
4.331000
4.578000
4.887000
4.123000
4.174000
4.686000
3.933000
4.556000
4.534000
4.034000
4.637000
4.399000
4.342000
4.977000
4.275000
4.111000
4.601000
4.470000
4.205000
4.389000
4.101000
4.069000
4.339000
4.334000
4.217000
4.119000
4.464000
4.611000
4.453000
4.813000
4.682000
4.497000
3.924000
4.388000
4.366000
4.294000
4.656000
4.199000
4.198000
4.248000
4.469000
4.195000
4.749000
4.938000
4.152000
4.346000
4.075000
4.211000
4.108000
4.382000
4.718000
4.350000
4.083000
4.563000
4.609000
4.146000
4.762000
4.196000
4.415000
4.292000
4.337000
4.225000
4.133000
3.850000
4.369000
4.409000
4.429000
4.360000
4.595000
4.563000
3.949000
4.753000
4.375000
4.615000
4.479000
4.346000
4.524000
3.962000
4.497000
4.451000
4.105000
4.438000
4.160000
3.998000
4.474000
4.191000
3.877000
3.811000
4.086000
3.685000
4.148000
3.865000
4.550000
3.883000
3.991000
3.831000
4.881000
4.191000
3.867000
4.230000
4.162000
4.090000
4.656000
3.658000
4.102000
4.056000
4.463000
4.253000
3.689000
4.461000
4.724000
3.745000
4.455000
4.439000
4.515000
4.125000
4.497000
4.438000
4.752000
3.931000
4.279000
4.219000
4.383000
4.275000
4.827000
4.389000
4.213000
4.097000
4.321000
4.596000
4.231000
4.231000
4.328000
4.206000
4.406000
4.616000
4.499000
3.779000
4.267000
4.124000
4.981000
4.641000
4.321000
4.945000
4.729000
3.900000
4.420000
4.786000
4.380000
4.608000
4.029000
3.599000
4.478000
4.172000
4.451000
4.868000
4.361000
4.140000
4.315000
4.042000
3.468000
3.440000
4.550000
4.460000
4.458000
4.422000
4.014000
4.415000
4.505000
3.541000
4.391000
4.288000
4.434000
3.765000
4.253000
4.101000
3.876000
3.590000
4.663000
4.231000
4.349000
4.188000
3.554000
4.417000
3.868000
4.142000
4.703000
4.031000
4.515000
4.024000
4.065000
4.277000
4.393000
3.870000
4.475000
4.327000
4.479000
4.024000
4.743000
4.684000
4.755000
4.778000
4.759000
4.731000
4.871000
4.266000
4.082000
4.082000
4.543000
4.538000
4.302000
3.718000
3.836000
4.129000
4.351000
4.149000
3.828000
4.347000
4.781000
3.940000
4.285000
4.126000
4.202000
4.241000
4.138000
4.120000
4.953000
5.160000
4.003000
4.282000
3.982000
5.084000
4.476000
4.771000
4.478000
3.988000
3.805000
4.033000
3.983000
4.277000
4.075000
4.426000
4.254000
4.333000
4.371000
4.107000
4.787000
4.061000
3.779000
4.400000
3.847000
3.996000
3.786000
4.755000
4.636000
4.395000
4.265000
4.237000
4.532000
4.169000
4.685000
3.981000
4.266000
4.255000
4.192000
4.251000
4.585000
4.107000
4.187000
4.250000
4.248000
4.044000
4.587000
4.466000
4.273000
4.275000
4.555000
4.156000
3.848000
4.189000
4.629000
4.404000
3.996000
4.473000
3.900000
4.118000
4.662000
4.476000
4.068000
4.036000
4.549000
4.263000
4.294000
3.916000
4.440000
4.736000
4.173000
4.197000
4.124000
4.685000
4.252000
4.463000
4.439000
4.330000
4.827000
4.173000
4.422000
3.917000
4.419000
4.111000
4.542000
4.262000
4.310000
4.432000
4.001000
4.442000
4.679000
4.333000
4.248000
4.167000
4.422000
4.371000
4.265000
4.350000
4.516000
3.893000
3.917000
4.250000
4.277000
4.542000
4.068000
4.385000
4.396000
4.261000
4.626000
4.100000
4.103000
3.984000
4.525000
4.563000
4.219000
4.844000
4.278000
4.050000
3.920000
4.336000
4.204000
4.284000
4.250000
4.668000
4.290000
4.213000
4.398000
3.637000
4.498000
4.440000
3.921000
4.279000
4.646000
4.396000
4.177000
4.191000
4.064000
4.637000
4.072000
4.655000
4.181000
3.937000
4.405000
4.463000
3.820000
4.196000
4.299000
4.200000
4.375000
4.124000
4.460000
4.281000
3.440000
4.272000
4.157000
4.914000
4.378000
3.848000
4.422000
4.426000
4.453000
3.888000
4.115000
4.089000
4.754000
4.123000
4.543000
4.468000
4.419000
3.904000
4.330000
4.302000
4.427000
4.420000
4.583000
4.784000
4.328000
3.695000
4.392000
4.480000
3.826000
3.870000
4.325000
3.648000
4.001000
4.287000
4.088000
4.303000
4.248000
4.511000
4.478000
4.289000
4.336000
4.314000
4.066000
4.223000
4.379000
3.990000
4.347000
4.201000
4.208000
4.214000
4.866000
4.027000
4.379000
3.992000
4.181000
4.209000
4.042000
3.684000
4.428000
4.320000
4.659000
4.456000
3.937000
4.224000
4.272000
4.806000
4.647000
3.947000
4.049000
4.273000
3.973000
4.221000
4.492000
3.675000
4.083000
4.037000
4.098000
4.904000
3.978000
4.327000
4.130000
4.261000
4.432000
3.797000
4.620000
4.535000
4.532000
3.677000
4.535000
4.669000
4.297000
3.816000
4.462000
4.408000
4.358000
4.193000
4.024000
3.907000
4.773000
4.094000
4.171000
3.894000
4.305000
4.438000
4.333000
4.550000
4.338000
4.191000
4.642000
4.569000
4.239000
4.613000
3.923000
4.497000
4.301000
4.468000
4.476000
4.585000
4.094000
3.948000
4.431000
4.443000
4.595000
4.069000
4.691000
4.453000
4.363000
4.081000
4.498000
4.492000
4.026000
3.569000
4.273000
4.746000
4.451000
4.416000
4.461000
3.831000
4.452000
4.261000
3.687000
4.344000
4.144000
4.316000
4.510000
4.415000
4.667000
4.325000
3.869000
4.385000
4.541000
4.174000
4.314000
4.086000
4.342000
4.302000
4.230000
4.392000
4.588000
4.353000
3.567000
3.993000
4.079000
4.331000
4.134000
3.894000
4.541000
4.043000
4.613000
4.397000
4.133000
4.429000
3.957000
4.316000
4.457000
4.008000
3.855000
3.896000
4.654000
4.037000
3.679000
4.104000
4.837000
4.073000
4.213000
4.111000
4.029000
4.410000
4.368000
4.469000
4.457000
4.436000
4.645000
3.855000
3.903000
4.285000
4.288000
4.333000
4.505000
4.718000
4.604000
4.541000
4.252000
4.036000
4.831000
4.516000
3.748000
4.595000
4.223000
4.339000
4.286000
4.678000
4.176000
4.693000
3.927000
4.516000
3.886000
4.633000
4.615000
5.071000
4.150000
4.557000
3.933000
3.856000
4.250000
4.466000
4.526000
4.489000
4.523000
4.420000
4.569000
4.227000
4.287000
4.310000
4.378000
3.914000
4.281000
4.097000
3.927000
4.399000
4.541000
4.538000
4.194000
4.256000
4.189000
3.955000
4.834000
4.320000
4.073000
3.749000
4.866000
4.171000
4.019000
4.245000
4.644000
4.775000
3.910000
3.999000
4.055000
4.660000
3.904000
4.716000
4.184000
4.229000
4.314000
4.356000
4.156000
4.335000
4.588000
4.613000
4.153000
4.348000
3.956000
4.236000
4.236000
4.487000
4.049000
4.638000
4.093000
4.412000
3.922000
4.535000
4.282000
4.412000
4.126000
4.297000
4.171000
4.340000
4.677000
4.346000
4.392000
4.623000
4.222000
4.146000
4.383000
4.093000
4.592000
3.951000
4.386000
4.722000
3.956000
4.535000
3.764000
3.857000
4.230000
4.623000
4.476000
4.421000
4.428000
4.003000
4.484000
3.606000
4.094000
4.088000
4.018000
4.475000
4.060000
4.506000
4.198000
4.707000
4.166000
4.669000
3.800000
4.218000
4.772000
3.808000
4.331000
4.636000
4.476000
4.781000
3.821000
4.136000
4.446000
4.986000
4.295000
3.846000
4.128000
4.505000
4.350000
4.081000
4.131000
4.059000
3.938000
4.206000
4.354000
3.912000
4.056000
3.601000
4.095000
4.622000
4.087000
4.733000
4.316000
4.524000
4.316000
4.268000
4.211000
4.321000
4.108000
4.526000
4.207000
3.952000
4.873000
4.730000
4.013000
4.111000
3.588000
4.709000
4.509000
4.338000
3.985000
4.326000
4.372000
4.695000
4.111000
4.668000
4.209000
3.845000
4.347000
4.059000
4.905000
4.627000
4.156000
4.421000
4.032000
4.448000
4.158000
4.068000
4.689000
3.878000
4.261000
4.304000
4.520000
4.135000
4.578000
4.768000
3.985000
4.271000
4.141000
3.904000
4.378000
4.833000
4.150000
4.663000
4.369000
4.740000
4.604000
4.422000
4.314000
4.143000
4.599000
4.477000
4.406000
4.499000
4.702000
4.531000
4.202000
4.051000
4.355000
4.116000
4.628000
4.041000
4.163000
3.897000
4.315000
4.085000
4.085000
4.302000
4.581000
4.149000
4.448000
4.485000
4.743000
4.746000
4.427000
4.648000
4.573000
4.676000
4.361000
4.649000
4.298000
4.517000
4.331000
4.315000
4.112000
4.329000
4.822000
3.807000
4.439000
4.508000
4.462000
4.845000
4.235000
4.398000
4.275000
3.980000
4.063000
4.433000
4.590000
4.598000
4.705000
3.795000
4.176000
4.835000
4.494000
4.345000
4.116000
4.057000
4.319000
4.253000
4.141000
4.384000
4.187000
4.561000
4.175000
4.025000
4.308000
4.270000
4.295000
3.951000
4.072000
3.968000
4.411000
4.121000
4.517000
3.924000
4.477000
4.862000
3.922000
4.300000
4.510000
4.123000
4.758000
4.392000
3.914000
4.446000
4.448000
3.794000
4.022000
4.627000
4.518000
4.458000
4.494000
4.758000
4.410000
4.390000
4.515000
4.611000
4.031000
4.357000
4.082000
4.165000
4.594000
4.412000
4.128000
3.740000
4.451000
4.682000
4.383000
3.934000
4.449000
4.623000
3.948000
4.090000
4.023000
4.135000
4.486000
4.634000
3.993000
4.421000
4.592000
4.634000
4.677000
4.175000
4.146000
4.203000
3.974000
4.470000
4.378000
4.427000
4.451000
4.364000
4.424000
3.728000
4.242000
4.478000
3.649000
4.536000
4.064000
4.775000
3.915000
4.553000
4.901000
4.655000
4.453000
3.813000
4.553000
4.289000
4.387000
4.277000
4.579000
4.012000
4.507000
4.146000
4.220000
4.492000
4.425000
4.327000
4.711000
4.003000
4.190000
4.401000
4.085000
4.208000
4.671000
4.476000
4.368000
4.578000
3.900000
4.296000
4.465000
4.083000
4.692000
4.546000
4.362000
4.308000
4.276000
4.166000
4.463000
4.218000
5.008000
4.186000
4.091000
4.538000
4.086000
4.154000
4.488000
4.297000
4.750000
4.176000
4.614000
3.735000
4.358000
4.538000
4.040000
4.966000
4.565000
4.080000
4.001000
4.038000
4.220000
4.227000
4.801000
4.138000
4.100000
4.498000
4.714000
4.549000
4.243000
4.737000
3.924000
4.569000
4.233000
4.330000
4.275000
4.928000
4.760000
4.470000
3.651000
4.541000
4.301000
4.386000
3.883000
3.905000
3.440000
4.845000
4.628000
4.892000
4.035000
4.129000
4.804000
4.299000
4.113000
4.496000
4.651000
4.363000
4.260000
4.211000
3.941000
4.240000
4.395000
4.281000
4.084000
4.196000
4.167000
4.395000
4.077000
4.291000
4.036000
4.746000
4.645000
4.412000
4.261000
4.357000
3.946000
4.428000
4.578000
4.708000
4.583000
4.165000
4.366000
4.448000
3.846000
3.942000
4.105000
4.677000
4.509000
4.053000
4.196000
4.466000
3.844000
4.216000
3.976000
3.893000
4.138000
4.106000
4.823000
4.406000
4.158000
4.004000
4.301000
4.305000
4.505000
4.019000
4.501000
4.410000
4.501000
4.333000
4.518000
4.739000
4.527000
4.254000
5.012000
4.389000
4.884000
4.279000
4.671000
4.195000
4.454000
4.059000
4.741000
4.051000
4.458000
4.561000
4.545000
4.212000
4.185000
4.235000
4.494000
3.844000
4.449000
3.970000
4.305000
4.373000
4.323000
4.582000
4.888000
4.870000
4.053000
4.528000
4.458000
4.584000
4.407000
4.213000
4.551000
4.295000
4.803000
4.198000
3.988000
4.541000
4.523000
4.164000
4.578000
4.506000
4.590000
4.765000
4.413000
4.868000
4.108000
4.007000
3.811000
4.154000
4.908000
4.198000
4.430000
4.055000
4.070000
4.150000
4.351000
3.633000
4.699000
4.227000
4.517000
4.280000
4.220000
4.240000
4.105000
4.721000
4.190000
4.294000
4.512000
4.197000
4.210000
4.599000
4.504000
4.655000
4.065000
4.498000
4.749000
3.818000
4.293000
4.185000
4.281000
4.844000
4.159000
4.888000
4.193000
4.769000
4.507000
4.205000
3.985000
4.363000
4.321000
4.332000
4.487000
4.089000
4.262000
4.298000
3.828000
4.485000
4.485000
4.179000
4.203000
4.470000
4.359000
3.975000
4.320000
3.918000
4.392000
3.994000
4.193000
4.430000
4.077000
4.858000
4.272000
4.360000
4.408000
4.120000
3.959000
4.485000
4.242000
4.267000
3.939000
4.426000
4.562000
4.585000
4.163000
4.592000
4.702000
3.951000
3.641000
3.842000
4.302000
4.624000
4.010000
4.458000
4.061000
4.394000
4.499000
4.429000
4.461000
4.189000
4.508000
4.397000
4.561000
4.479000
4.428000
3.854000
3.895000
4.507000
3.929000
4.453000
4.134000
4.643000
5.005000
4.271000
4.420000
4.435000
4.169000
4.220000
4.504000
4.271000
4.331000
3.983000
4.437000
4.276000
4.326000
4.332000
4.355000
4.504000
4.505000
3.908000
3.990000
4.188000
4.272000
4.321000
4.347000
4.181000
4.117000
4.301000
4.600000
4.449000
4.168000
4.434000
4.062000
4.387000
4.288000
4.415000
3.980000
4.255000
4.527000
4.490000
4.669000
4.218000
4.471000
4.388000
4.197000
4.620000
4.319000
4.015000
4.544000
4.342000
4.580000
4.310000
4.400000
4.470000
4.271000
4.458000
4.424000
4.207000
4.221000
4.327000
3.910000
4.326000
4.364000
4.604000
4.486000
4.482000
4.767000
3.794000
4.669000
4.588000
4.154000
4.524000
4.596000
4.168000
4.831000
4.096000
4.586000
4.627000
4.204000
4.909000
4.832000
4.544000
4.202000
4.075000
4.382000
4.136000
4.817000
4.617000
4.538000
4.039000
4.597000
4.903000
4.220000
4.123000
4.588000
3.917000
4.970000
4.720000
4.694000
4.191000
4.334000
4.338000
4.356000
4.800000
4.625000
4.387000
4.910000
4.295000
4.635000
4.156000
4.181000
4.326000
4.409000
4.344000
4.390000
4.373000
4.443000
4.241000
4.426000
3.816000
4.404000
4.030000
3.660000
4.616000
4.313000
4.292000
3.793000
4.874000
4.324000
4.315000
4.145000
4.872000
4.189000
4.491000
4.473000
4.327000
4.465000
4.122000
4.411000
3.855000
4.813000
4.248000
4.055000
4.536000
4.196000
4.449000
4.501000
3.902000
4.087000
4.187000
4.353000
4.126000
4.488000
4.719000
4.122000
4.427000
4.554000
3.960000
4.456000
4.331000
3.909000
4.338000
4.872000
4.447000
4.001000
5.056000
4.179000
4.297000
4.306000
4.129000
4.557000
4.287000
4.305000
4.413000
4.980000
4.393000
4.023000
4.622000
4.204000
3.788000
3.894000
4.162000
4.370000
4.534000
4.594000
4.195000
4.640000
4.568000
4.439000
4.145000
3.909000
4.234000
4.159000
4.141000
3.976000
4.332000
4.748000
4.713000
5.107000
4.372000
4.517000
4.174000
4.328000
4.599000
4.216000
3.876000
4.363000
4.039000
4.310000
4.022000
4.346000
4.476000
5.018000
4.302000
4.478000
4.038000
4.872000
4.510000
3.842000
4.564000
4.683000
4.276000
4.059000
3.999000
4.316000
3.929000
4.287000
4.454000
4.559000
4.469000
4.066000
4.470000
4.424000
4.253000
4.389000
3.741000
4.276000
4.300000
4.436000
5.160000
3.958000
4.129000
3.953000
4.248000
4.934000
4.249000
4.043000
4.636000
4.218000
4.109000
4.843000
4.264000
3.875000
3.861000
4.259000
4.253000
3.781000
4.441000
4.797000
4.590000
4.883000
4.203000
4.029000
4.280000
4.123000
3.979000
4.352000
4.487000
3.975000
4.272000
4.515000
4.512000
4.189000
4.158000
4.155000
4.182000
4.550000
3.823000
4.251000
4.367000
4.377000
4.250000
4.182000
3.927000
4.445000
4.729000
3.517000
4.185000
3.902000
3.789000
4.444000
4.418000
3.963000
4.179000
4.273000
4.119000
4.529000
4.353000
4.160000
4.385000
3.554000
4.587000
4.224000
4.424000
5.129000
3.975000
4.506000
3.800000
4.116000
4.096000
4.735000
4.064000
4.417000
4.632000
4.859000
4.154000
4.336000
4.090000
4.659000
4.015000
3.999000
4.174000
4.067000
3.922000
4.525000
4.737000
3.890000
4.381000
4.461000
4.156000
3.988000
4.426000
3.893000
4.279000
4.090000
4.213000
4.161000
3.954000
4.664000
4.751000
4.438000
4.637000
4.461000
4.472000
4.019000
4.117000
4.051000
4.114000
4.477000
4.003000
4.160000
4.582000
3.910000
4.573000
4.183000
4.399000
4.587000
4.185000
4.443000
4.271000
4.421000
4.548000
4.107000
4.454000
4.693000
4.271000
4.094000
4.279000
4.499000
4.126000
4.485000
4.343000
3.937000
4.425000
4.707000
4.175000
4.666000
4.739000
4.070000
4.679000
4.492000
4.468000
4.451000
4.577000
4.036000
4.435000
3.739000
4.245000
4.129000
3.935000
4.505000
3.618000
4.242000
3.762000
4.574000
4.859000
4.317000
4.603000
3.953000
3.669000
4.558000
4.549000
3.917000
4.411000
4.427000
4.290000
4.542000
4.035000
4.167000
4.795000
4.147000
3.843000
4.228000
4.383000
4.726000
4.755000
4.227000
4.719000
4.164000
4.109000
4.231000
4.178000
4.734000
4.421000
3.755000
4.177000
4.085000
4.580000
4.258000
4.651000
3.885000
4.687000
4.305000
4.454000
4.649000
4.563000
4.444000
4.677000
4.491000
4.496000
4.692000
5.160000
3.783000
4.335000
4.210000
4.225000
4.259000
4.421000
4.129000
4.287000
4.476000
3.947000
4.691000
3.572000
4.298000
4.729000
4.255000
4.381000
4.012000
4.766000
4.470000
4.474000
4.013000
4.477000
4.561000
4.571000
4.648000
4.424000
4.548000
4.440000
3.929000
4.333000
4.172000
4.346000
4.826000
4.080000
4.275000
4.004000
4.480000
4.551000
4.415000
4.042000
4.437000
3.768000
4.121000
4.372000
4.301000
4.071000
4.558000
4.464000
4.225000
3.820000
3.886000
4.534000
4.064000
4.472000
4.707000
4.368000
4.441000
4.441000
4.414000
4.231000
4.159000
4.386000
4.250000
4.026000
3.910000
4.374000
4.453000
4.301000
4.466000
3.931000
4.164000
4.286000
4.609000
3.695000
4.476000
4.042000
4.433000
4.066000
4.376000
4.481000
4.138000
4.311000
4.420000
4.449000
4.527000
4.074000
4.715000
4.117000
4.567000
4.341000
4.297000
4.337000
4.172000
4.430000
4.325000
4.443000
4.272000
4.468000
4.700000
4.049000
3.685000
3.918000
4.279000
4.697000
4.248000
4.489000
4.709000
4.679000
3.991000
4.305000
4.275000
4.392000
4.732000
4.694000
4.031000
4.299000
4.034000
3.853000
3.959000
3.997000
4.297000
4.225000
4.422000
4.048000
4.727000
4.188000
4.797000
4.792000
4.487000
4.517000
3.559000
4.477000
4.406000
4.911000
4.748000
4.111000
4.408000
4.414000
4.068000
4.773000
4.387000
4.217000
4.214000
4.447000
4.192000
4.283000
4.064000
4.537000
4.129000
4.120000
4.670000
4.816000
3.747000
4.395000
4.614000
4.667000
3.774000
4.781000
4.425000
4.549000
4.346000
4.469000
4.094000
4.445000
4.319000
3.933000
4.247000
4.456000
4.402000
4.279000
4.679000
4.639000
4.430000
4.774000
3.958000
4.637000
4.364000
4.657000
4.257000
4.103000
4.576000
4.302000
4.145000
3.693000
4.414000
4.221000
4.646000
4.527000
4.472000
4.162000
4.430000
4.508000
4.498000
4.101000
4.074000
4.594000
4.165000
3.997000
4.308000
4.940000
4.216000
4.305000
3.699000
4.386000
3.901000
4.463000
4.475000
4.145000
4.088000
4.024000
4.250000
4.285000
4.488000
4.824000
4.236000
4.225000
4.296000
3.987000
4.102000
4.647000
4.085000
3.933000
4.143000
3.707000
4.052000
4.481000
4.278000
4.518000
4.343000
4.463000
4.464000
3.854000
4.602000
4.548000
4.445000
4.665000
4.184000
4.447000
3.935000
3.908000
4.554000
4.621000
4.294000
4.636000
4.389000
4.610000
4.239000
3.886000
4.003000
4.287000
4.263000
4.384000
4.686000
3.623000
4.048000
4.582000
4.309000
4.725000
4.030000
4.244000
4.741000
3.918000
4.576000
4.821000
3.989000
4.209000
4.225000
4.654000
4.653000
4.616000
4.217000
4.414000
4.521000
4.456000
4.332000
4.355000
4.431000
4.075000
3.969000
4.161000
4.498000
5.055000
4.297000
4.325000
4.467000
4.336000
4.286000
4.527000
4.317000
4.139000
4.556000
4.322000
4.274000
4.730000
4.494000
3.781000
3.968000
4.113000
4.386000
4.061000
4.388000
4.483000
4.036000
4.015000
4.346000
4.223000
4.260000
4.302000
4.224000
4.015000
4.289000
3.947000
4.139000
4.090000
4.966000
3.474000
4.101000
4.049000
4.425000
4.518000
3.926000
4.134000
4.239000
4.175000
4.295000
3.844000
4.486000
4.385000
4.387000
4.419000
4.467000
3.949000
4.413000
4.367000
4.108000
4.400000
3.902000
4.108000
4.750000
3.803000
4.214000
4.041000
4.344000
4.179000
3.621000
4.377000
4.344000
4.206000
4.782000
4.112000
4.568000
4.858000
4.404000
4.390000
4.340000
4.206000
4.337000
4.718000
4.598000
4.207000
4.606000
4.382000
3.865000
4.255000
4.278000
4.428000
4.269000
4.116000
4.310000
4.374000
4.564000
4.431000
4.251000
4.445000
4.314000
4.575000
3.777000
4.714000
4.052000
3.973000
4.770000
4.343000
4.591000
4.445000
4.212000
4.675000
4.011000
4.335000
4.189000
4.412000
3.557000
4.665000
4.578000
4.489000
4.093000
4.686000
4.146000
4.338000
3.892000
4.249000
4.321000
4.066000
4.248000
4.402000
4.239000
4.430000
4.342000
4.566000
4.246000
4.541000
4.505000
4.323000
4.178000
4.059000
4.529000
4.428000
3.784000
4.602000
3.797000
3.987000
4.487000
4.318000
4.372000
4.366000
4.185000
4.681000
4.137000
4.285000
4.542000
4.513000
4.298000
4.696000
4.146000
3.928000
4.090000
3.830000
4.269000
4.866000
3.938000
4.407000
4.155000
4.655000
4.601000
4.580000
4.785000
4.431000
4.168000
4.439000
4.180000
3.796000
4.152000
4.492000
4.386000
4.186000
4.184000
4.810000
4.314000
4.928000
4.346000
4.306000
4.435000
4.379000
4.467000
4.246000
4.079000
4.345000
4.155000
4.331000
4.246000
4.571000
4.162000
4.471000
3.988000
3.995000
4.113000
4.398000
4.398000
4.098000
4.248000
4.871000
4.329000
3.669000
4.160000
4.621000
4.387000
4.363000
3.988000
4.395000
4.403000
4.417000
4.228000
4.468000
4.749000
4.025000
4.043000
4.108000
4.118000
4.448000
4.150000
3.924000
4.547000
4.052000
4.230000
4.146000
4.510000
4.581000
3.760000
4.636000
4.393000
4.109000
4.539000
4.573000
4.327000
4.244000
4.473000
4.229000
3.820000
4.184000
3.906000
4.391000
4.353000
4.604000
4.331000
4.197000
4.120000
3.945000
4.536000
4.304000
4.393000
4.322000
4.457000
4.119000
3.921000
3.969000
4.398000
4.241000
4.264000
4.253000
4.124000
4.422000
4.293000
4.155000
4.655000
4.319000
4.173000
3.582000
4.579000
4.476000
4.127000
4.306000
4.807000
4.150000
4.977000
4.267000
3.913000
4.077000
4.502000
3.954000
4.117000
4.175000
4.684000
4.479000
4.044000
4.156000
4.186000
4.156000
4.568000
3.594000
3.572000
3.991000
4.813000
3.953000
4.229000
4.393000
4.551000
4.880000
4.587000
4.640000
3.714000
4.411000
4.094000
4.412000
4.315000
4.576000
4.297000
4.181000
4.309000
4.027000
4.415000
4.560000
4.494000
4.255000
4.938000
4.396000
4.010000
4.423000
3.673000
4.032000
4.445000
4.234000
4.713000
4.126000
4.135000
4.297000
4.995000
4.280000
3.874000
4.417000
4.159000
4.875000
4.345000
4.397000
4.196000
4.446000
4.110000
3.689000
4.021000
4.213000
4.623000
4.328000
4.129000
4.597000
3.498000
4.540000
4.464000
4.314000
4.109000
4.558000
4.574000
4.905000
4.334000
4.342000
4.790000
4.619000
4.128000
4.491000
4.768000
3.440000
4.093000
4.563000
4.747000
4.670000
4.465000
4.390000
4.900000
4.137000
4.508000
4.274000
4.093000
4.425000
4.465000
4.678000
4.467000
4.573000
4.383000
4.090000
4.512000
4.188000
3.799000
4.166000
4.267000
4.337000
4.128000
4.320000
4.169000
4.148000
3.870000
4.141000
4.456000
4.090000
4.335000
4.150000
4.514000
4.369000
4.348000
4.907000
4.309000
4.168000
4.495000
4.384000
4.844000
4.423000
3.759000
4.337000
4.102000
4.640000
4.233000
4.220000
4.778000
4.521000
4.332000
4.290000
3.934000
4.210000
4.638000
4.332000
3.697000
4.158000
4.273000
4.441000
4.571000
4.333000
4.269000
4.218000
4.402000
4.517000
4.033000
3.964000
4.390000
4.175000
4.301000
4.502000
3.966000
4.462000
3.978000
4.281000
4.098000
4.226000
3.784000
4.568000
4.332000
4.177000
3.559000
3.936000
4.019000
3.659000
3.976000
4.319000
4.051000
4.086000
4.338000
4.107000
4.412000
4.472000
4.600000
4.605000
4.431000
4.397000
4.042000
4.217000
4.545000
4.124000
4.601000
4.194000
4.532000
4.533000
4.859000
4.531000
4.320000
4.437000
3.959000
4.194000
4.694000
4.309000
3.955000
4.328000
4.185000
4.236000
4.267000
4.017000
4.779000
4.652000
4.567000
4.640000
4.598000
4.213000
4.160000
4.088000
4.236000
4.409000
4.554000
3.891000
4.513000
4.322000
4.427000
4.432000
4.552000
4.442000
4.495000
4.317000
4.456000
4.694000
3.875000
4.371000
4.346000
4.271000
4.372000
3.787000
4.367000
4.264000
4.542000
4.661000
4.672000
4.161000
4.318000
3.795000
3.711000
4.131000
4.653000
4.528000
4.196000
4.339000
3.944000
4.655000
4.251000
4.474000
4.713000
4.121000
4.373000
4.265000
4.712000
4.150000
4.091000
4.273000
3.817000
3.988000
3.781000
3.576000
4.296000
3.819000
4.178000
4.246000
4.717000
4.034000
3.857000
3.896000
4.110000
3.514000
4.283000
4.246000
4.339000
4.054000
4.126000
3.888000
4.133000
4.359000
4.497000
4.342000
4.595000
4.076000
4.561000
4.693000
4.008000
3.623000
4.529000
4.658000
3.942000
4.480000
4.917000
4.280000
4.329000
4.307000
4.706000
4.244000
3.678000
4.199000
4.666000
4.340000
4.032000
4.517000
4.908000
4.392000
4.627000
4.518000
3.858000
3.932000
4.312000
4.478000
4.415000
4.004000
4.239000
4.509000
4.030000
4.265000
4.341000
4.010000
4.174000
3.946000
3.889000
4.489000
4.585000
4.309000
4.325000
4.546000
4.416000
3.482000
3.741000
4.120000
4.385000
4.163000
4.619000
4.784000
4.286000
3.939000
4.671000
4.670000
4.153000
4.572000
3.911000
4.429000
4.494000
4.550000
4.310000
4.317000
4.445000
4.109000
3.900000
4.163000
4.077000
4.511000
4.061000
4.318000
4.087000
3.952000
4.252000
4.067000
3.743000
4.018000
4.258000
4.331000
4.453000
3.790000
4.083000
3.882000
4.888000
4.039000
4.465000
4.417000
4.460000
3.997000
4.169000
4.056000
4.055000
4.019000
4.160000
4.066000
4.205000
4.626000
4.618000
4.429000
4.196000
4.321000
4.437000
4.655000
4.110000
4.451000
4.364000
4.116000
4.297000
3.769000
4.045000
4.464000
4.422000
4.154000
4.523000
4.188000
4.328000
4.702000
4.049000
4.650000
4.040000
4.242000
4.838000
4.925000
4.352000
4.666000
4.675000
4.420000
4.637000
4.379000
4.847000
4.397000
4.077000
4.344000
4.708000
3.967000
4.138000
4.117000
4.213000
4.344000
4.677000
3.913000
4.165000
4.659000
4.883000
4.319000
4.586000
4.185000
4.306000
4.576000
4.085000
4.274000
3.923000
4.571000
4.135000
4.271000
4.081000
3.896000
4.023000
4.374000
4.196000
3.722000
4.879000
4.396000
4.417000
4.330000
4.302000
4.083000
3.935000
3.999000
4.110000
4.870000
4.280000
4.266000
3.956000
4.282000
4.165000
4.246000
4.395000
4.248000
4.110000
4.219000
4.860000
3.858000
4.346000
4.142000
4.001000
4.162000
4.187000
4.591000
4.536000
4.069000
3.946000
3.772000
3.978000
4.669000
4.217000
4.834000
4.546000
4.887000
4.401000
4.731000
4.491000
4.892000
4.377000
4.486000
4.583000
4.355000
4.486000
3.888000
4.483000
4.638000
4.382000
4.191000
4.608000
4.610000
4.828000
4.631000
4.494000
4.332000
4.377000
4.553000
4.534000
3.885000
3.902000
3.928000
4.206000
3.981000
3.991000
4.128000
4.647000
3.977000
4.548000
4.256000
4.297000
4.028000
4.312000
4.281000
4.712000
4.774000
3.917000
4.112000
4.178000
4.521000
4.229000
4.243000
3.882000
4.271000
4.314000
4.077000
4.511000
4.306000
4.682000
4.407000
4.602000
3.894000
4.325000
4.274000
3.863000
4.187000
4.559000
4.516000
3.944000
4.195000
4.500000
4.152000
3.916000
4.328000
4.151000
4.546000
4.510000
4.173000
3.876000
3.904000
4.416000
4.673000
4.596000
4.285000
4.885000
4.033000
4.527000
4.373000
4.588000
4.491000
4.681000
4.193000
4.034000
3.949000
4.320000
4.172000
4.578000
4.825000
3.911000
4.564000
4.396000
4.139000
4.160000
4.575000
4.006000
4.735000
4.050000
4.435000
4.360000
4.659000
4.250000
4.479000
3.993000
4.208000
4.417000
4.778000
4.299000
4.319000
4.412000
4.299000
4.504000
4.380000
3.846000
4.349000
3.812000
4.435000
4.340000
4.266000
4.599000
4.880000
3.718000
3.852000
4.104000
4.325000
3.714000
4.276000
4.371000
3.891000
4.322000
4.448000
4.308000
4.191000
4.151000
4.096000
4.614000
4.088000
4.189000
4.382000
4.095000
4.517000
4.215000
4.578000
4.418000
4.047000
4.254000
4.351000
4.127000
4.570000
4.531000
4.199000
4.218000
4.681000
4.825000
4.004000
4.278000
4.325000
4.496000
4.267000
4.345000
4.149000
3.943000
4.169000
4.058000
4.751000
4.526000
4.721000
4.212000
4.394000
4.117000
4.650000
4.513000
4.666000
4.405000
4.341000
4.516000
3.654000
3.903000
4.622000
3.992000
4.863000
4.359000
4.405000
4.710000
4.298000
4.528000
3.832000
4.524000
4.070000
4.179000
4.108000
4.845000
3.699000
4.349000
3.777000
4.537000
3.798000
3.930000
4.875000
4.669000
3.965000
3.945000
4.452000
3.795000
3.637000
4.105000
3.855000
4.230000
4.036000
3.861000
4.286000
4.798000
4.528000
4.006000
4.174000
4.838000
4.570000
4.383000
4.150000
3.977000
4.497000
3.935000
4.030000
4.238000
3.798000
4.902000
4.570000
4.093000
4.467000
4.240000
4.688000
4.130000
4.344000
4.806000
3.694000
4.059000
4.533000
4.457000
4.298000
4.002000
4.979000
4.318000
4.447000
4.127000
4.453000
4.269000
4.464000
4.460000
3.990000
3.943000
4.107000
4.283000
4.021000
3.984000
4.619000
4.157000
4.206000
3.696000
3.649000
4.450000
4.353000
3.912000
4.023000
4.385000
4.400000
4.274000
4.372000
4.172000
3.835000
3.884000
4.101000
4.293000
4.366000
4.216000
4.705000
4.245000
3.927000
4.513000
4.018000
4.322000
3.833000
3.956000
4.438000
4.204000
4.503000
4.158000
4.109000
3.860000
4.176000
4.234000
4.974000
4.482000
4.600000
3.944000
4.341000
4.695000
4.083000
4.052000
3.615000
4.254000
4.556000
3.802000
3.498000
4.079000
4.567000
4.318000
4.168000
4.250000
4.417000
4.036000
4.409000
4.207000
4.721000
4.496000
4.189000
4.132000
4.212000
4.814000
4.101000
5.160000
4.061000
4.540000
4.399000
4.633000
4.507000
4.248000
4.296000
4.327000
4.438000
4.369000
4.327000
4.828000
4.855000
4.179000
4.810000
3.871000
4.186000
4.201000
4.225000
4.440000
4.227000
4.372000
4.114000
3.999000
4.566000
4.379000
4.128000
3.976000
4.696000
4.623000
4.640000
4.167000
3.810000
4.623000
4.041000
4.507000
4.689000
4.244000
4.163000
4.148000
4.304000
4.534000
4.015000
4.443000
3.641000
4.455000
4.482000
4.224000
4.400000
4.663000
4.892000
3.870000
3.808000
4.680000
4.146000
4.489000
4.173000
4.783000
4.338000
4.416000
4.485000
4.436000
4.274000
4.204000
4.029000
4.152000
4.247000
3.892000
4.377000
4.338000
4.608000
3.675000
4.022000
4.433000
4.355000
3.835000
4.210000
4.211000
4.578000
4.081000
4.487000
4.140000
3.894000
4.796000
4.010000
4.505000
4.531000
3.633000
4.488000
4.731000
3.562000
4.077000
4.641000
4.256000
4.782000
3.440000
4.227000
3.673000
4.463000
4.262000
3.722000
4.386000
3.989000
4.298000
4.114000
4.029000
4.082000
5.120000
4.277000
4.740000
3.943000
4.492000
4.469000
4.630000
4.751000
4.585000
4.580000
4.823000
3.946000
3.917000
4.067000
3.889000
4.025000
4.951000
4.275000
4.181000
3.863000
4.319000
4.254000
3.982000
4.489000
4.909000
4.203000
4.407000
4.619000
4.110000
4.496000
4.471000
3.964000
4.462000
4.904000
4.705000
4.533000
4.330000
4.122000
4.573000
4.068000
4.503000
4.178000
4.425000
3.684000
4.416000
3.862000
4.371000
4.545000
4.307000
3.770000
4.000000
4.076000
4.235000
4.350000
3.881000
4.067000
4.626000
3.447000
4.416000
4.417000
4.044000
4.157000
4.413000
3.506000
4.583000
4.026000
4.546000
3.818000
4.434000
4.298000
4.185000
4.175000
4.399000
4.075000
3.962000
4.314000
3.681000
3.940000
3.731000
4.218000
4.285000
4.046000
3.943000
4.231000
4.972000
4.669000
4.434000
4.108000
4.407000
3.835000
4.252000
3.958000
4.382000
4.256000
4.310000
3.671000
4.377000
3.949000
4.691000
4.020000
3.993000
4.067000
4.455000
3.965000
4.385000
4.168000
4.276000
4.325000
4.226000
3.898000
4.321000
4.824000
4.553000
4.122000
4.181000
4.275000
4.579000
4.755000
4.434000
4.768000
4.084000
4.195000
4.329000
4.678000
3.639000
